#Deuxième tirage	
#Hauteur (mm)	Aire (mm²)
-0.901125	559.140355029586
-0.896125	558.076213017751
-0.891125	557.140828402367
-0.886125	556.644733727811
-0.881125	556.413727810651
-0.876	556.042603550296
-0.871125	556.175147928994
-0.866	556.080473372781
-0.861	556.129704142012
-0.856	556.099408284024
-0.851	556.28875739645
-0.846	556.353136094675
-0.841	556.781065088757
-0.836	556.951479289941
-0.831	557.216568047337
-0.826	557.451360946746
-0.821125	558.057278106509
-0.816	558.666982248521
-0.811125	559.272899408284
-0.806125	559.697041420118
-0.801125	560.397633136095
-0.796125	561.779881656805
-0.791125	562.703905325444
-0.786125	563.885443786982
-0.781125	565.036686390533
-0.776125	566.634792899408
-0.771125	567.592899408284
-0.766125	569.031952662722
-0.761125	570.671715976331
-0.756125	570.936804733728
-0.751125	571.182958579882
-0.746125	571.781301775148
-0.741125	572.633372781065
-0.736125	573.065088757396
-0.731125	573.474082840237
-0.726125	573.833846153846
-0.721125	573.761893491124
-0.716125	574.125443786982
-0.71125	573.992899408284
-0.70625	574.288284023669
-0.70125	573.917159763314
-0.69625	575.004023668639
-0.69125	573.553609467456
-0.68625	573.148402366864
-0.68125	572.356923076923
-0.67625	568.384378698225
-0.67125	567.539881656805
-0.66625	567.37325443787
-0.66125	568.058698224852
-0.65625	566.986982248521
-0.65125	567.520946745562
-0.64625	567.392189349112
-0.64125	568.876686390533
-0.63625	567.426272189349
-0.63125	568.778224852071
-0.62625	568.475266272189
-0.62125	565.191952662722
-0.61625	561.885917159763
-0.61125	563.605207100592
-0.60625	559.757633136095
-0.60125	558.030769230769
-0.59625	558.246627218935
-0.59125	558.629112426035
-0.58625	559.515266272189
-0.58125	559.878816568047
-0.57625	560.412781065089
-0.57125	560.927810650888
-0.56625	561.617041420118
-0.56125	562.272189349112
-0.556125	562.897041420118
-0.55125	563.32875739645
-0.546125	563.052307692308
-0.54125	563.347692307692
-0.536125	563.843786982249
-0.53125	563.733964497041
-0.526125	564.324733727811
-0.52125	564.40426035503
-0.516125	564.419408284024
-0.511125	564.707218934911
-0.506125	564.180828402367
-0.501125	564.972307692308
-0.496125	564.551952662722
-0.491125	563.40449704142
-0.486125	562.677396449704
-0.481125	561.639763313609
-0.476125	562.166153846154
-0.471125	562.101775147929
-0.466125	562.162366863905
-0.461125	562.063905325444
-0.456125	560.980828402367
-0.451125	561.060355029586
-0.446125	560.74224852071
-0.441125	560.886153846154
-0.436125	560.355976331361
-0.431125	560.571834319527
-0.426125	560.867218934911
-0.421125	561.192899408284
-0.416125	560.704378698225
-0.411125	560.590769230769
-0.406125	559.969704142012
-0.401125	560.106035502959
-0.396125	561.033846153846
-0.391125	560.749822485207
-0.386	562.25325443787
-0.381125	562.984142011834
-0.376	562.855384615385
-0.371125	562.234319526627
-0.366	562.529704142012
-0.361	562.631952662722
-0.356	563.169704142012
-0.351	562.370650887574
-0.346	561.461775147929
-0.341	561.749585798817
-0.336	560.988402366864
-0.331	560.594556213018
-0.326	562.018461538462
-0.321125	561.041420118343
-0.316	559.094911242604
-0.311125	559.208520710059
-0.306	558.170887573964
-0.301125	558.572307692308
-0.296125	558.723786982248
-0.291125	558.401893491124
-0.286125	558.958579881657
-0.281125	558.068639053254
-0.276125	558.890414201183
-0.271125	558.530650887574
-0.266125	558.265562130177
-0.261125	558.121656804734
-0.256125	558.269349112426
-0.251125	558.632899408284
-0.246125	558.545798816568
-0.241125	557.913372781065
-0.236125	558.519289940828
-0.231125	559.704615384615
-0.226125	559.776568047337
-0.221125	558.867692307692
-0.216125	558.731360946746
-0.21125	558.117869822485
-0.206125	558.352662721893
-0.20125	559.704615384615
-0.19625	558.216331360947
-0.19125	558.367810650888
-0.18625	559.265325443787
-0.18125	558.061065088757
-0.17625	557.864142011834
-0.17125	557.894437869822
-0.16625	558.197396449704
-0.16125	558.367810650888
-0.15625	558.095147928994
-0.15125	558.538224852071
-0.14625	558.382958579882
-0.14125	558.390532544379
-0.13625	559.450887573964
-0.13125	559.253964497041
-0.12625	559.893964497041
-0.12125	559.322130177515
-0.11625	559.242603550296
-0.11125	559.261538461538
-0.10625	559.840946745562
-0.10125	559.125207100592
-0.09625	559.621301775148
-0.09125	559.087337278106
-0.08625	559.030532544379
-0.08125	558.64426035503
-0.07625	558.220118343195
-0.07125	558.655621301775
-0.06625	558.250414201183
-0.06125	558.803313609467
-0.056125	557.777041420118
-0.05125	558.042130177515
-0.046125	557.148402366864
-0.04125	558.038343195266
-0.036125	559.178224852071
-0.03125	558.916923076923
-0.026125	558.969940828402
-0.02125	559.647810650888
-0.016125	559.496331360947
-0.011125	558.769230769231
-0.006125	559.227455621302
-0.001125	558.697278106509
0.003875	559.401656804734
0.008875	558.689704142012
0.013875	559.087337278106
0.018875	558.860118343195
0.023875	558.969940828402
0.028875	558.636686390533
0.033875	558.765443786982
0.038875	558.163313609467
0.043875	558.038343195266
0.048875	558.443550295858
0.053875	558.121656804734
0.058875	558.485207100592
0.063875	558.401893491124
0.068875	558.538224852071
0.073875	558.193609467456
0.078875	557.886863905325
0.083875	557.352899408284
0.088875	557.508165680473
0.093875	558.227692307692
0.098875	557.981538461538
0.103875	558.428402366864
0.108875	559.102485207101
0.114	558.776804733728
0.118875	558.810887573964
0.124	558.163313609467
0.128875	558.470059171598
0.134	557.947455621302
0.139	558.220118343195
0.144	558.087573964497
0.149	558.329940828402
0.154	559.291834319527
0.159	559.46224852071
0.164	558.992662721893
0.169	558.663195266272
0.174	558.765443786982
0.178875	558.51550295858
0.184	559.144142011834
0.188875	558.481420118343
0.193875	558.417041420118
0.198875	558.189822485207
0.203875	559.011597633136
0.208875	559.015384615385
0.213875	559.329704142012
0.218875	558.735147928994
0.223875	559.484970414201
0.228875	559.572071005917
0.233875	559.954556213018
0.238875	560.530177514793
0.243875	559.33349112426
0.248875	560.23100591716
0.253875	560.170414201183
0.258875	559.655384615385
0.263875	560.708165680473
0.268875	560.51124260355
0.273875	560.147692307692
0.278875	560.200710059172
0.283875	560.969467455621
0.28875	559.613727810651
0.29375	559.409230769231
0.29875	560.605917159763
0.30375	560.602130177515
0.30875	561.07550295858
0.31375	560.708165680473
0.31875	561.450414201183
0.32375	559.863668639053
0.32875	559.803076923077
0.33375	559.674319526627
0.33875	559.905325443787
0.34375	559.575857988166
0.34875	559.216094674556
0.35375	559.348639053254
0.35875	559.431952662722
0.36375	559.613727810651
0.36875	559.833372781065
0.37375	559.628875739645
0.37875	560.068165680473
0.38375	559.431952662722
0.38875	559.140355029586
0.39375	559.920473372781
0.39875	560.151479289941
0.40375	559.719763313609
0.40875	560.431715976331
0.41375	560.253727810651
0.41875	560.20449704142
0.42375	560.170414201183
0.42875	560.772544378698
0.43375	561.223195266272
0.43875	561.041420118343
0.443875	561.71550295858
0.44875	561.628402366864
0.453875	561.302721893491
0.45875	561.208047337278
0.463875	561.189112426036
0.46875	562.014674556213
0.473875	562.53349112426
0.47875	562.544852071006
0.483875	563.143195266272
0.488875	563.843786982249
0.493875	562.878106508876
0.498875	562.313846153846
0.503875	562.984142011834
0.508875	561.950295857988
0.513875	562.09798816568
0.518875	562.113136094675
0.523875	561.94650887574
0.528875	562.014674556213
0.533875	562.268402366864
0.538875	562.711479289941
0.543875	562.787218934911
0.548875	562.987928994083
0.553875	563.521893491124
0.558875	564.264142011834
0.563875	563.154556213018
0.568875	563.525680473373
0.573875	563.101538461538
0.578875	562.889467455621
0.583875	563.446153846154
0.588875	562.120710059172
0.593875	562.885680473373
0.598875	562.63573964497
0.603875	562.264615384615
0.608875	561.61325443787
0.614	562.162366863905
0.618875	560.556686390532
0.624	561.495857988166
0.628875	561.325443786982
0.634	562.344142011834
0.639	561.779881656805
0.644	561.957869822485
0.649	561.980591715976
0.654	562.344142011834
0.659	562.132071005917
0.664	562.275976331361
0.669	562.813727810651
0.674	561.098224852071
0.678875	561.018698224852
0.684	560.874792899408
0.688875	562.639526627219
0.693875	562.965207100592
0.698875	561.931360946746
0.703875	561.397396449704
0.708875	562.416094674556
0.713875	562.291124260355
0.718875	562.89325443787
0.723875	562.544852071006
0.728875	561.976804733728
0.733875	561.935147928994
0.738875	561.976804733728
0.743875	563.003076923077
0.748875	562.101775147929
0.753875	562.63573964497
0.758875	562.904615384615
0.763875	562.351715976331
0.768875	561.829112426036
0.773875	562.480473372781
0.778875	562.89325443787
0.783875	563.211360946746
0.78875	563.188639053254
0.79375	563.063668639053
0.79875	563.324970414201
0.80375	563.105325443787
0.80875	563.298461538462
0.81375	562.605443786982
0.81875	562.775857988166
0.82375	562.366863905325
0.82875	561.836686390533
0.83375	561.749585798817
0.83875	562.044970414201
0.84375	562.02224852071
0.84875	561.298934911243
0.85375	561.026272189349
0.85875	561.208047337278
0.86375	562.287337278107
0.86875	562.04875739645
0.87375	561.20426035503
0.87875	561.219408284024
0.88375	561.109585798817
0.88875	561.673846153846
0.89375	561.431479289941
0.89875	560.416568047337
0.90375	562.181301775148
0.90875	561.617041420118
0.91375	561.51100591716
0.91875	562.007100591716
0.92375	562.363076923077
0.92875	562.389585798817
0.93375	561.647337278107
0.93875	561.30650887574
0.943875	561.855621301775
0.94875	561.908639053254
0.953875	561.590532544379
0.95875	561.155029585799
0.963875	560.992189349112
0.96875	560.287810650888
0.973875	561.283786982249
0.97875	560.833136094675
0.983875	561.753372781065
0.988875	560.931597633136
0.993875	559.178224852071
0.998875	559.541775147929
1.003875	559.261538461538
1.008875	559.363786982248
1.013875	559.371360946746
1.018875	559.66674556213
1.023875	560.43550295858
1.028875	560.393846153846
1.033875	560.655147928994
1.038875	561.056568047337
1.043875	562.518343195266
1.048875	562.419881656805
1.053875	561.079289940828
1.058875	560.836923076923
1.063875	560.458224852071
1.068875	559.837159763314
1.073875	559.413017751479
1.078875	559.59100591716
1.083875	560.386272189349
1.088875	559.988639053254
1.093875	560.242366863905
1.098875	560.291597633136
1.103875	560.806627218935
1.108875	560.215857988166
1.114	559.477396449704
1.118875	561.192899408284
1.124	561.026272189349
1.129	562.340355029586
1.134	561.200473372781
1.139	562.291124260355
1.144	561.836686390533
1.149	561.768520710059
1.154	560.723313609467
1.159	560.882366863905
1.164	561.189112426036
1.169	560.378698224852
1.174	560.424142011834
1.178875	559.617514792899
1.184	559.25775147929
1.188875	560.295384615385
1.194	560.344615384615
1.198875	560.23100591716
1.203875	560.284023668639
1.208875	560.924023668639
1.213875	560.897514792899
1.218875	561.139881656805
1.223875	559.810650887574
1.228875	560.348402366864
1.233875	560.931597633136
1.238875	560.109822485207
1.243875	561.351952662722
1.248875	560.458224852071
1.253875	561.230769230769
1.258875	561.423905325444
1.263875	560.999763313609
1.268875	561.726863905325
1.273875	562.730414201183
1.278875	562.544852071006
1.283875	563.624142011834
1.28875	564.214911242604
1.293875	562.96899408284
1.29875	561.912426035503
1.30375	564.082366863905
1.30875	563.215147928994
1.31375	563.597633136095
1.31875	561.58674556213
1.32375	561.113372781065
1.32875	564.158106508876
1.33375	563.571124260355
1.33875	563.188639053254
1.34375	563.768047337278
1.34875	563.309822485207
1.35375	564.07100591716
1.35875	563.306035502959
1.36375	563.086390532544
1.36875	562.779644970414
1.37375	563.461301775148
1.37875	563.779408284024
1.38375	561.772307692308
1.38875	562.38201183432
1.39375	562.154792899408
1.39875	562.071479289941
1.40375	561.446627218935
1.40875	561.071715976331
1.41375	561.935147928994
1.41875	561.15124260355
1.42375	561.340591715976
1.42875	561.533727810651
1.43375	560.958106508876
1.43875	559.939408284024
1.443875	561.030059171598
1.44875	560.405207100592
1.453875	560.636213017752
1.45875	559.553136094675
1.463875	559.174437869822
1.46875	559.556923076923
1.473875	559.378934911243
1.47875	559.15550295858
1.483875	559.390295857988
1.488875	558.15573964497
1.493875	556.633372781065
1.498875	557.360473372781
1.503875	557.750532544379
1.508875	558.735147928994
1.513875	558.15573964497
1.518875	558.420828402367
1.523875	558.969940828402
1.528875	556.163786982249
1.533875	557.174911242604
1.538875	555.220828402367
1.543875	554.175621301775
1.548875	553.285680473373
1.553875	556.432662721894
1.558875	553.440946745562
1.563875	553.982485207101
1.568875	552.93349112426
1.573875	551.339171597633
1.578875	551.80875739645
1.583875	550.846863905325
1.588875	551.767100591716
1.593875	551.464142011834
1.598875	549.475976331361
1.603875	551.04
1.608875	550.471952662722
1.613875	549.691834319527
1.618875	547.855147928994
1.624	547.487810650888
1.628875	546.306272189349
1.634	545.07550295858
1.639	544.132544378698
1.644	543.549349112426
1.649	543.235029585799
1.654	540.171360946746
1.659	538.414201183432
1.664	539.448047337278
1.669	538.289230769231
1.674	538.323313609468
1.678875	536.638106508876
1.684	534.699171597633
1.688875	532.203550295858
1.693875	532.203550295858
1.698875	530.044970414201
1.703875	526.958579881657
1.708875	525.784615384615
1.713875	523.607100591716
1.718875	523.406390532544
1.723875	520.066272189349
1.728875	518.896094674556
1.733875	517.884970414201
1.738875	516.169467455621
1.743875	517.04426035503
1.748875	513.067928994083
1.753875	512.162840236686
1.758875	511.019171597633
1.763875	508.046390532544
1.768875	508.16
1.773875	506.077159763314
1.77875	504.119289940828
1.783875	502.180355029586
1.78875	500.794319526627
1.79375	497.35573964497
1.79875	498.166153846154
1.80375	496.268875739645
1.80875	496.76875739645
1.81375	494.405680473373
1.81875	492.667455621302
1.82375	492.87573964497
1.82875	491.307928994083
1.83375	489.959763313609
1.83875	486.104615384615
1.84375	482.730414201183
1.84875	481.45798816568
1.85375	481.465562130177
1.85875	480.889940828402
1.86375	479.405443786982
1.86875	475.743431952663
1.87375	471.668639053254
1.87875	469.771360946746
1.88375	466.794792899408
1.88875	466.43124260355
1.89375	462.170887573964
1.89875	461.883076923077
1.90375	457.615147928994
1.90875	457.683313609467
1.91375	455.456568047337
1.91875	453.040473372781
1.92375	451.593846153846
1.92875	449.79124260355
1.93375	449.401183431953
1.93875	446.882840236686
1.94375	445.10674556213
1.94875	443.985798816568
1.953875	441.70224852071
1.95875	440.800946745562
1.963875	439.65349112426
1.96875	436.945798816568
1.973875	433.738224852071
1.97875	432.594556213018
1.983875	434.211597633136
1.988875	432.655147928994
1.993875	431.405443786982
1.998875	430.844970414201
2.003875	427.061775147929
2.008875	427.557869822485
2.013875	426.376331360947
2.018875	425.512899408284
2.023875	424.808520710059
2.028875	421.756213017751
2.033875	421.373727810651
2.038875	419.756686390533
2.043875	418.181301775148
2.048875	415.443313609467
2.053875	413.144615384615
2.058875	410.24
2.063875	408.066272189349
2.068875	407.797396449704
2.073875	405.294201183432
2.078875	402.43124260355
2.083875	400.212071005917
2.088875	400.117396449704
2.093875	399.337278106509
2.098875	395.709349112426
2.103875	393.198579881657
2.108875	390.589349112426
2.114	389.809230769231
2.118875	386.450177514793
2.124	382.727573964497
2.128875	380.481893491124
2.134	378.770177514793
2.139	377.228875739645
2.144	375.91100591716
2.149	374.714319526627
2.154	376.516923076923
2.159	372.650414201183
2.164	368.56426035503
2.169	367.401656804734
2.174	364.87573964497
2.178875	361.384142011834
2.184	361.668165680473
2.188875	359.414911242604
2.193875	356.139171597633
2.198875	353.340591715976
2.203875	351.625088757396
2.208875	349.178698224852
2.213875	347.421538461538
2.218875	344.717633136095
2.223875	342.990769230769
2.228875	343.240710059172
2.233875	340.764023668639
2.238875	339.162130177515
2.243875	335.280473372781
2.248875	336.340828402367
2.253875	335.43573964497
2.258875	330.679289940828
2.263875	327.789822485207
2.268875	326.388639053254
2.273875	325.585798816568
2.278875	324.767810650888
2.283875	322.741775147929
2.28875	321.802603550296
2.29375	319.091124260355
2.29875	316.917396449704
2.30375	315.883550295858
2.30875	314.459644970414
2.31375	312.604023668639
2.31875	309.608520710059
2.32375	305.295147928994
2.32875	303.068402366864
2.33375	301.731597633136
2.33875	301.296094674556
2.34375	301.470295857988
2.34875	298.183195266272
2.35375	293.695621301775
2.35875	288.325680473373
2.36375	287.25775147929
2.36875	285.379408284024
2.37375	281.630295857988
2.37875	280.168520710059
2.38375	274.135857988166
2.38875	272.961893491124
2.39375	270.79573964497
2.39875	269.769467455621
2.40375	269.727810650888
2.40875	267.781301775148
2.41375	267.00875739645
2.41875	266.133964497041
2.42375	262.430295857988
2.42875	260.623905325444
2.43375	261.574437869822
2.43875	259.980118343195
2.443875	258.870532544379
2.44875	257.079289940828
2.453875	255.378934911243
2.45875	253.837633136095
2.463875	252.864378698225
2.46875	250.436923076923
2.473875	246.718106508876
2.47875	247.517159763314
2.483875	246.161420118343
2.488875	242.506982248521
2.493875	239.356213017751
