#Troisième enfoncement	
#Hauteur (mm)	Aire (mm²)
2.4985	211.733964497041
2.493875	213.180591715976
2.48875	212.601183431953
2.483875	211.885443786982
2.47875	210.154792899408
2.47375	209.783668639053
2.46875	208.43550295858
2.46375	208.227218934911
2.45875	208.212071005917
2.45375	208.011360946746
2.44875	207.742485207101
2.443875	206.765443786982
2.43875	208.121183431953
2.43375	208.40899408284
2.42875	205.852781065089
2.42375	206.178461538462
2.41875	206.011834319527
2.41375	206.54201183432
2.40875	205.97775147929
2.40375	206.405680473373
2.39875	207.825798816568
2.39375	206.023195266272
2.38875	207.852307692308
2.38375	207.996213017751
2.37875	207.840946745562
2.37375	206.74650887574
2.36875	208.276449704142
2.36375	206.125443786982
2.35875	208.386272189349
2.35375	206.341301775148
2.34875	206.738934911243
2.343875	206.492781065089
2.33875	206.682130177515
2.333875	206.632899408284
2.32875	206.269349112426
2.323875	206.613964497041
2.31875	206.958579881657
2.313875	206.882840236686
2.308875	206.333727810651
2.303875	206.807100591716
2.298875	206.621538461538
2.293875	206.560946745562
2.288875	206.992662721893
2.283875	206.939644970414
2.278875	206.731360946746
2.273875	206.398106508876
2.268875	206.167100591716
2.263875	206.723786982249
2.258875	205.686153846154
2.253875	205.659644970414
2.248875	205.41349112426
2.243875	205.77325443787
2.238875	206.360236686391
2.233875	206.507928994083
2.228875	206.280710059172
2.223875	206.708639053254
2.218875	206.216331360947
2.213875	206.235266272189
2.208875	206.636686390533
2.204	206.966153846154
2.198875	206.761656804734
2.194	206.973727810651
2.189	206.807100591716
2.184	206.905562130178
2.179	209.268639053254
2.174	209.215621301775
2.169	209.590532544379
2.164	209.760946745562
2.159	209.469349112426
2.154	209.219408284024
2.149	209.321656804734
2.144	209.162603550296
2.139	209.014911242604
2.134	208.791479289941
2.129	208.833136094675
2.124	209.226982248521
2.119	208.761183431953
2.114	206.076213017751
2.108875	208.74224852071
2.104	208.977041420118
2.098875	206.553372781065
2.093875	208.878579881657
2.088875	208.94674556213
2.083875	209.037633136095
2.078875	208.802840236686
2.073875	206.333727810651
2.068875	206.121656804734
2.063875	206.485207100592
2.058875	206.08
2.053875	206.212544378698
2.048875	206.470059171598
2.043875	206.458698224852
2.038875	206.394319526627
2.033875	209.234556213018
2.028875	206.913136094675
2.023875	209.40875739645
2.018875	207.041893491124
2.013875	207.416804733728
2.008875	206.655621301775
2.003875	207.394082840237
1.99875	207.185798816568
1.993875	208.022721893491
1.98875	206.799526627219
1.98375	206.712426035503
1.97875	206.916923076923
1.97375	206.731360946746
1.96875	207.265325443787
1.96375	207.15550295858
1.95875	207.556923076923
1.95375	207.644023668639
1.94875	207.325917159763
1.94375	207.382721893491
1.93875	207.091124260355
1.93375	207.36
1.92875	207.197159763314
1.92375	205.296094674556
1.91875	205.44
1.91375	207.02674556213
1.90875	206.560946745562
1.90375	205.693727810651
1.89875	205.322603550296
1.89375	206.038343195266
1.88875	205.345325443787
1.88375	205.621775147929
1.87875	205.508165680473
1.87375	205.447573964497
1.86875	205.572544378698
1.86375	205.599053254438
1.85875	205.674792899408
1.85375	205.655857988166
1.84875	205.659644970414
1.843875	205.905798816568
1.83875	206.348875739645
1.833875	205.90201183432
1.82875	206.098934911243
1.823875	206.837396449704
1.81875	205.833846153846
1.813875	206.011834319527
1.808875	206.000473372781
1.803875	205.739171597633
1.798875	205.837633136095
1.793875	205.784615384615
1.788875	206.587455621302
1.783875	206.507928994083
1.778875	205.905798816568
1.773875	206.144378698225
1.768875	206.810887573964
1.763875	206.011834319527
1.758875	206.273136094675
1.753875	207.004023668639
1.748875	206.95100591716
1.743875	206.602603550296
1.738875	206.125443786982
1.733875	206.549585798817
1.728875	206.814674556213
1.723875	207.068402366864
1.718875	206.916923076923
1.713875	206.962366863905
1.708875	207.204733727811
1.704	207.295621301775
1.698875	206.932071005917
1.694	206.220118343195
1.689	206.10650887574
1.684	206.871479289941
1.679	206.356449704142
1.674	205.852781065089
1.669	205.777041420118
1.664	205.947455621302
1.659	205.989112426035
1.654	205.864142011834
1.649	206.72
1.644	206.072426035503
1.639	205.985325443787
1.634	206.045917159763
1.629	205.792189349112
1.624	205.500591715976
1.618875	205.587692307692
1.614	205.315029585799
1.608875	205.807337278107
1.604	205.258224852071
1.598875	205.318816568047
1.593875	205.148402366864
1.588875	205.171124260355
1.583875	205.390769230769
1.578875	205.462721893491
1.573875	205.447573964497
1.568875	205.436213017751
1.563875	205.833846153846
1.558875	205.788402366864
1.553875	205.803550295858
1.548875	205.769467455621
1.543875	205.708875739645
1.538875	205.84899408284
1.533875	205.595266272189
1.528875	205.67100591716
1.523875	205.546035502959
1.518875	205.614201183432
1.513875	205.898224852071
1.508875	205.496804733728
1.503875	205.428639053254
1.49875	205.599053254438
1.493875	205.860355029586
1.48875	205.561183431953
1.48375	205.553609467456
1.47875	205.727810650888
1.47375	205.296094674556
1.46875	205.330177514793
1.46375	205.284733727811
1.45875	205.212781065089
1.45375	205.368047337278
1.44875	205.489230769231
1.44375	205.962603550296
1.43875	206.102721893491
1.43375	205.962603550296
1.42875	205.996686390533
1.42375	205.716449704142
1.41875	205.97775147929
1.41375	206.511715976331
1.40875	206.095147928994
1.40375	206.432189349112
1.39875	206.367810650888
1.39375	206.167100591716
1.38875	206.20875739645
1.38375	206.352662721893
1.37875	206.375384615385
1.37375	206.223905325444
1.36875	205.811124260355
1.36375	205.807337278107
1.35875	206.292071005917
1.35375	206.098934911243
1.34875	206.579881656805
1.343875	206.314792899408
1.33875	206.352662721893
1.333875	206.329940828402
1.32875	206.140591715976
1.323875	206.458698224852
1.31875	206.636686390533
1.313875	206.337514792899
1.308875	206.500355029586
1.303875	206.466272189349
1.298875	206.810887573964
1.293875	206.568520710059
1.288875	206.572307692308
1.283875	206.59124260355
1.278875	206.367810650888
1.273875	206.201183431953
1.268875	206.511715976331
1.263875	206.659408284024
1.258875	206.136804733728
1.253875	206.341301775148
1.248875	206.360236686391
1.243875	205.739171597633
1.238875	206.144378698225
1.233875	205.943668639053
1.228875	205.750532544379
1.223875	205.659644970414
1.218875	206.08
1.214	205.599053254438
1.208875	205.890650887574
1.204	205.697514792899
1.198875	206.140591715976
1.194	205.826272189349
1.189	205.674792899408
1.184	205.981538461538
1.179	206.496568047337
1.174	205.970177514793
1.169	206.38674556213
1.164	205.780828402367
1.159	205.837633136095
1.154	206.133017751479
1.149	205.947455621302
1.144	205.905798816568
1.139	205.917159763314
1.134	205.966390532544
1.129	206.299644970414
1.124	205.962603550296
1.119	205.936094674556
1.114	206.333727810651
1.108875	206.197396449704
1.104	206.526863905325
1.098875	206.114082840237
1.094	206.553372781065
1.088875	206.38674556213
1.083875	206.401893491124
1.078875	206.212544378698
1.073875	206.28449704142
1.068875	206.193609467456
1.063875	205.981538461538
1.058875	206.049704142012
1.053875	206.011834319527
1.048875	206.15573964497
1.043875	206.223905325444
1.038875	205.822485207101
1.033875	206.117869822485
1.028875	206.110295857988
1.023875	206.356449704142
1.018875	206.443550295858
1.013875	206.530650887574
1.008875	205.970177514793
1.003875	206.625325443787
0.99875	206.731360946746
0.993875	206.000473372781
0.98875	205.470295857988
0.983875	205.724023668639
0.97875	206.280710059172
0.97375	205.777041420118
0.96875	206.477633136095
0.96375	207.05325443787
0.95875	206.458698224852
0.95375	206.030769230769
0.94875	206.076213017751
0.94375	205.845207100592
0.93875	205.674792899408
0.93375	206.242840236686
0.92875	205.883076923077
0.92375	205.754319526627
0.91875	206.076213017751
0.91375	205.90201183432
0.90875	205.871715976331
0.90375	205.939881656805
0.89875	205.803550295858
0.89375	205.629349112426
0.88875	205.750532544379
0.88375	206.193609467456
0.87875	206.235266272189
0.87375	205.807337278107
0.86875	205.826272189349
0.86375	206.026982248521
0.85875	205.792189349112
0.85375	206.299644970414
0.84875	206.242840236686
0.843875	205.958816568047
0.83875	206.750295857988
0.833875	206.966153846154
0.82875	206.151952662722
0.823875	205.803550295858
0.81875	206.000473372781
0.813875	205.932307692308
0.808875	205.663431952663
0.803875	205.564970414201
0.798875	205.939881656805
0.793875	205.701301775148
0.788875	205.648284023669
0.783875	205.742958579882
0.778875	205.879289940828
0.773875	205.795976331361
0.768875	205.534674556213
0.763875	206.023195266272
0.758875	205.852781065089
0.753875	205.386982248521
0.748875	205.947455621302
0.743875	205.928520710059
0.738875	206.008047337278
0.733875	205.546035502959
0.728875	205.564970414201
0.723875	205.394556213018
0.718875	205.606627218935
0.713875	205.905798816568
0.708875	205.958816568047
0.704	205.894437869822
0.698875	205.905798816568
0.694	206.477633136095
0.689	205.386982248521
0.684	206.216331360947
0.679	205.807337278107
0.674	206.59124260355
0.669	206.030769230769
0.664	205.292307692308
0.659	205.54224852071
0.654	206.458698224852
0.649	205.398343195266
0.644	205.712662721893
0.639	206.246627218935
0.634	205.724023668639
0.629	205.012071005917
0.624	205.292307692308
0.618875	205.243076923077
0.614	205.36426035503
0.608875	205.31124260355
0.604	205.44
0.598875	205.405917159763
0.593875	205.54224852071
0.588875	205.405917159763
0.583875	205.190059171598
0.578875	205.390769230769
0.573875	205.171124260355
0.568875	205.216568047337
0.563875	205.84899408284
0.558875	205.886863905325
0.553875	205.322603550296
0.548875	205.508165680473
0.543875	205.333964497041
0.538875	205.74674556213
0.533875	205.561183431953
0.528875	205.398343195266
0.523875	205.186272189349
0.518875	205.254437869822
0.513875	205.23550295858
0.50875	205.144615384615
0.503875	205.186272189349
0.49875	205.197633136095
0.493875	204.693964497041
0.48875	204.538698224852
0.48375	204.678816568047
0.47875	204.735621301775
0.47375	204.803786982249
0.46875	205.114319526627
0.46375	205.148402366864
0.45875	205.273372781065
0.45375	205.701301775148
0.44875	205.155976331361
0.44375	205.326390532544
0.43875	205.246863905325
0.43375	205.284733727811
0.42875	205.125680473373
0.42375	205.742958579882
0.41875	205.451360946746
0.41375	205.54224852071
0.40875	206.00426035503
0.40375	205.470295857988
0.39875	205.561183431953
0.39375	205.23550295858
0.38875	205.042366863905
0.38375	204.330414201183
0.37875	204.481893491124
0.37375	204.709112426035
0.36875	204.663668639053
0.36375	204.739408284024
0.35875	205.034792899408
0.35375	205.186272189349
0.34875	205.277159763314
0.343875	205.705088757396
0.33875	206.049704142012
0.333875	205.788402366864
0.32875	205.985325443787
0.323875	205.689940828402
0.31875	205.674792899408
0.313875	206.00426035503
0.308875	205.625562130178
0.303875	205.292307692308
0.298875	206.076213017751
0.293875	205.845207100592
0.288875	205.87550295858
0.283875	205.697514792899
0.278875	206.159526627219
0.273875	205.599053254438
0.268875	205.792189349112
0.263875	205.826272189349
0.258875	205.780828402367
0.253875	205.421065088757
0.248875	205.072662721893
0.243875	205.326390532544
0.238875	205.034792899408
0.233875	204.917396449704
0.228875	205.292307692308
0.223875	205.557396449704
0.218875	206.102721893491
0.213875	206.011834319527
0.208875	206.197396449704
0.204	205.496804733728
0.198875	205.682366863905
0.194	205.553609467456
0.189	205.712662721893
0.184	205.602840236686
0.179	205.742958579882
0.174	206.019408284024
0.169	206.148165680473
0.164	206.606390532544
0.159	207.329704142012
0.154	206.79573964497
0.149	206.74650887574
0.144	207.33349112426
0.139	207.431952662722
0.134	207.954556213018
0.129	207.87124260355
0.124	207.840946745562
0.119	207.647810650888
0.114	207.371360946746
0.108875	207.163076923077
0.104	207.007810650888
0.098875	206.621538461538
0.094	205.803550295858
0.088875	205.87550295858
0.083875	206.174674556213
0.078875	205.394556213018
0.073875	205.155976331361
0.068875	205.118106508876
0.063875	205.03100591716
0.058875	204.77349112426
0.053875	204.906035502959
0.048875	205.966390532544
0.043875	205.886863905325
0.038875	206.235266272189
0.033875	206.083786982249
0.028875	206.159526627219
0.023875	206.329940828402
0.018875	206.326153846154
0.013875	206.769230769231
0.008875	207.806863905325
0.003875	206.79573964497
-0.00125	206.621538461538
-0.006125	206.136804733728
-0.01125	206.685917159763
-0.016125	206.920710059172
-0.02125	206.557159763314
-0.02625	206.833609467456
-0.03125	206.712426035503
-0.03625	207.23124260355
-0.04125	207.272899408284
-0.04625	208.560473372781
-0.05125	209.673846153846
-0.05625	209.370887573964
-0.06125	208.825562130178
-0.06625	209.567810650888
-0.07125	209.84426035503
-0.07625	210.101775147929
-0.08125	211.949822485207
-0.08625	211.215147928994
-0.09125	211.60899408284
-0.09625	211.874082840237
-0.10125	212.408047337278
-0.10625	212.438343195266
-0.11125	213.237396449704
-0.11625	214.044023668639
-0.12125	213.547928994083
-0.12625	214.37349112426
-0.13125	214.926390532544
-0.13625	215.854201183432
-0.14125	215.725443786982
-0.14625	216.104142011834
-0.15125	216.607810650888
-0.156125	216.65325443787
-0.16125	216.706272189349
-0.166125	217.331124260355
-0.17125	219.985798816568
-0.176125	219.550295857988
-0.18125	220.485680473373
-0.186125	221.898224852071
-0.191125	222.322366863905
-0.196125	222.477633136095
-0.201125	222.666982248521
-0.206125	224.814201183432
-0.211125	225.999526627219
-0.216125	227.181065088757
-0.221125	229.797869822485
-0.226125	229.369940828402
-0.231125	231.55124260355
-0.236125	234.508875739645
-0.241125	235.466982248521
-0.246125	235.671479289941
-0.251125	237.549822485207
-0.256125	239.89775147929
-0.261125	241.249704142012
-0.266125	244.010414201183
-0.271125	243.502958579882
-0.276125	247.823905325444
-0.281125	249.808284023669
-0.286	251.448047337278
-0.291125	253.057514792899
-0.296	253.587692307692
-0.301	245.441893491124
-0.306	246.869585798817
-0.311	250.505088757396
-0.316	253.269585798817
-0.321	254.932071005917
-0.326	256.924023668639
-0.331	260.108875739645
-0.336	263.388402366864
-0.341	265.281893491124
-0.346	267.262485207101
-0.351	268.284970414201
-0.356	270.223905325444
-0.361	271.852307692308
-0.366	273.488284023669
-0.371	275.741538461538
-0.376	276.737514792899
-0.381	278.846863905325
-0.386	280.198816568047
-0.391125	281.853727810651
-0.396	283.319289940828
-0.401125	284.917396449704
-0.406	286.042130177515
-0.411125	287.712189349112
-0.416125	289.806390532544
-0.421125	291.033372781065
-0.426125	292.358816568047
-0.431125	293.869822485207
-0.436125	296.444970414201
-0.441125	298.630059171598
-0.446125	300.62201183432
-0.451125	303.314556213018
-0.456125	304.515029585799
-0.461125	307.165917159763
-0.466125	310.040236686391
-0.471125	312.558579881657
-0.476125	314.781538461538
-0.481125	315.489704142012
-0.486125	316.076686390533
-0.491125	317.591479289941
-0.496125	321.083076923077
-0.50125	322.522130177515
-0.506125	324.271715976331
-0.51125	325.434319526627
-0.51625	328.604023668639
-0.52125	331.152662721893
-0.52625	334.428402366864
-0.53125	336.821775147929
-0.53625	338.419881656805
-0.54125	339.81349112426
-0.54625	340.714792899408
-0.55125	343.24449704142
-0.55625	344.577514792899
-0.56125	346.630059171598
-0.56625	348.648520710059
-0.57125	350.492781065089
-0.57625	353.298934911243
-0.58125	354.238106508876
-0.58625	355.832426035503
-0.59125	357.343431952663
-0.59625	358.494674556213
-0.60125	362.126390532544
-0.60625	363.822958579882
-0.61125	366.587455621302
-0.61625	369.647337278107
-0.62125	371.91573964497
-0.62625	374.085680473373
-0.63125	375.57775147929
-0.63625	377.047100591716
-0.64125	378.433136094675
-0.64625	380.383431952663
-0.65125	383.060828402367
-0.656125	384.867218934911
-0.66125	386.38201183432
-0.666125	387.677159763314
-0.67125	390.998343195266
-0.676125	392.266982248521
-0.68125	394.542958579882
-0.686125	396.553846153846
-0.691125	398.322366863905
-0.696125	400.598343195266
-0.701125	402.681183431953
-0.706125	404.207337278106
-0.711125	405.65775147929
-0.716125	407.623195266272
-0.721125	409.228875739645
-0.726125	413.061301775148
-0.731125	414.905562130177
-0.736125	417.529940828402
-0.741125	419.476449704142
-0.746125	422.309112426035
-0.751125	424.460118343195
-0.756125	426.773964497041
-0.761125	429.61798816568
-0.766125	432.181775147929
-0.771125	433.654911242604
-0.776125	436.415621301775
-0.781125	439.047573964497
-0.786125	441.62650887574
-0.791125	444.118343195266
-0.796	446.367810650888
-0.801125	448.33325443787
-0.806	451.434792899408
-0.811	453.290414201183
-0.816	455.111952662722
-0.821	458.058224852071
-0.826	460.565207100592
-0.831	463.178224852071
-0.836	464.969467455621
-0.841	466.844023668639
-0.846	468.642840236686
-0.851	470.805207100592
-0.856	472.838816568047
-0.861	474.686863905325
-0.866	476.432662721894
-0.871	479.92426035503
-0.876	482.438816568047
-0.881125	484.487573964497
-0.886	486.657514792899
-0.891125	488.630532544379
-0.896	491.296568047337
-0.901125	493.288520710059
-0.906125	494.932071005917
-0.911125	496.515029585799
-0.916125	498.010887573965
-0.921125	499.22650887574
-0.926125	500.896568047337
-0.931125	502.774911242604
-0.936125	505.52426035503
-0.941125	507.618461538462
-0.946125	542.701065088757
-0.951125	510.526863905325
-0.956125	514.094201183432
-0.961125	516.65798816568
-0.966125	551.933727810651
