26.9539	0
28.3797	-0.000875
29.5786	-0.002125
29.9865	-0.002875
29.9812	-0.00425
30.7899	-0.005
30.4401	-0.006
30.7284	-0.007125
30.8462	-0.007875
30.8374	-0.00925
31.0149	-0.01
31.1222	-0.010875
31.8395	-0.012125
32.1928	-0.012875
33.0121	-0.01425
34.095	-0.015
34.3464	-0.016
34.3446	-0.017125
34.6066	-0.017875
35.1059	-0.01925
35.2219	-0.02
35.3098	-0.020875
35.7598	-0.022125
35.962	-0.022875
36.7584	-0.02425
37.4792	-0.025
37.6181	-0.025875
37.7183	-0.027125
38.1648	-0.027875
38.8118	-0.029125
39.3304	-0.029875
39.6099	-0.030875
39.5536	-0.032125
40.0828	-0.032875
40.0265	-0.03425
40.408	-0.034875
40.1813	-0.035875
40.8212	-0.037125
41.1745	-0.037875
41.8373	-0.039125
41.6052	-0.039875
42.0412	-0.040875
42.2241	-0.042125
42.7216	-0.042875
42.5809	-0.044125
43.0451	-0.044875
43.6762	-0.045875
43.583	-0.047125
44.2317	-0.047875
44.7732	-0.049125
44.9666	-0.049875
45.4518	-0.050875
45.7858	-0.052
45.7049	-0.052875
46.1585	-0.054125
45.8684	-0.054875
46.0442	-0.055875
46.148	-0.057125
46.5611	-0.057875
45.8983	-0.059125
47.3135	-0.059875
47.862	-0.060875
48.5881	-0.062
48.4562	-0.06275
48.9573	-0.064125
49.1208	-0.064875
49.3511	-0.065875
49.5726	-0.067
49.6148	-0.06775
50.1	-0.069125
49.8082	-0.069875
51.0563	-0.070875
50.7223	-0.072
51.1407	-0.07275
51.6875	-0.074125
51.6892	-0.074875
51.851	-0.075875
52.3907	-0.077
51.9318	-0.07775
52.3749	-0.079125
52.7089	-0.079875
53.5088	-0.08075
53.4349	-0.082
53.9079	-0.08275
54.1628	-0.084125
54.0432	-0.084875
54.4564	-0.085875
55.4637	-0.087
55.026	-0.08775
56.2144	-0.089125
56.0983	-0.089875
56.689	-0.09075
56.6504	-0.092
57.3817	-0.09275
57.4907	-0.094125
57.5716	-0.095875
57.8317	-0.097
57.8107	-0.09775
59.0395	-0.099125
58.7969	-0.099875
59.3999	-0.10075
59.2944	-0.102
59.8078	-0.10275
60.518	-0.104125
65.2559	-0.104875
63.8178	-0.10775
67.761	-0.12775
70.1326	-0.1295
70.1326	-0.124625
70.1326	-0.119625
70.1326	-0.114625
70.1326	-0.109625
70.1326	-0.104625
70.1326	-0.099625
70.1326	-0.094625
70.1326	-0.08975
70.1326	-0.08475
70.1326	-0.07975
70.1326	-0.07475
70.1326	-0.06975
70.1326	-0.06475
70.1326	-0.05975
70.1326	-0.05475
70.1326	-0.04975
70.1326	-0.04475
70.1326	-0.03975
70.1326	-0.03475
70.1326	-0.02975
70.1326	-0.024875
70.1326	-0.01975
70.1326	-0.014875
70.1326	-0.009875
70.1326	-0.004875
70.1326	0.000125
70.1326	0.005125
70.1326	0.010125
70.1326	0.015125
70.1326	0.020125
70.1326	0.025125
70.1326	0.030125
70.1326	0.035125
70.1326	0.040125
70.1326	0.045125
70.1326	0.050125
70.1326	0.055125
70.1326	0.060125
70.1326	0.065125
70.1326	0.070125
70.1326	0.075125
70.1326	0.080125
70.1326	0.085125
70.1326	0.09
70.1326	0.095125
70.1326	0.1
70.1326	0.105125
70.1326	0.11
70.1326	0.115
70.1326	0.12
70.1326	0.125
70.1326	0.13
70.1326	0.135
70.1326	0.140125
70.1326	0.145
70.1326	0.150125
70.1326	0.155125
70.1326	0.160125
70.1326	0.165125
70.1326	0.170125
70.1326	0.175125
70.1326	0.180125
70.1326	0.185125
70.1326	0.190125
70.1326	0.195125
70.1326	0.200125
70.1326	0.205
70.1326	0.21
70.1326	0.215
70.1326	0.22
70.1326	0.225
70.1326	0.23
70.1326	0.235
70.1326	0.24
70.1326	0.245
70.1326	0.25
70.1326	0.255
70.1326	0.260125
70.1326	0.265125
70.1326	0.270125
70.1326	0.275125
70.1326	0.280125
70.1326	0.285125
70.1326	0.290125
70.1326	0.295125
70.1326	0.300125
70.1326	0.305125
70.1326	0.310125
70.1326	0.315125
70.1326	0.320125
70.1326	0.325125
70.1326	0.330125
70.1326	0.335125
70.1326	0.340125
70.1326	0.345125
70.1326	0.350125
70.1326	0.355125
70.1326	0.360125
70.1326	0.365125
70.1326	0.370125
70.1326	0.375125
70.1326	0.38025
70.1326	0.38525
70.1326	0.39025
70.1326	0.39525
70.1326	0.40025
70.1326	0.40525
70.1326	0.41025
70.1326	0.415125
70.1326	0.42025
70.1326	0.425125
70.1326	0.430125
70.1326	0.435125
70.1326	0.440125
70.1326	0.445125
70.1326	0.450125
70.1326	0.455
70.1326	0.46
70.1326	0.465
70.1326	0.47
70.1326	0.475
70.1326	0.48
70.1326	0.485
70.1326	0.49
70.1326	0.495
70.1326	0.5
70.1326	0.505
70.1326	0.51
70.1326	0.515
70.1326	0.52
70.1326	0.525
70.1326	0.53
70.1326	0.535
70.1326	0.54
70.1326	0.545
70.1326	0.55
70.1326	0.555
70.1326	0.559875
70.1326	0.565
70.1326	0.569875
70.1326	0.574875
70.1326	0.579875
70.1326	0.584875
70.1326	0.589875
70.1326	0.594875
70.1326	0.599875
70.1326	0.604875
70.1326	0.609875
70.1326	0.614875
70.1326	0.619875
70.1326	0.624875
70.1326	0.629875
70.1326	0.634875
70.1326	0.639875
70.1326	0.644875
70.1326	0.649875
70.1326	0.654875
70.1326	0.659875
70.1326	0.664875
70.1326	0.669875
70.1326	0.674875
70.1326	0.679875
70.1326	0.684875
70.1326	0.69
70.1326	0.694875
70.1326	0.7
70.1326	0.704875
70.1326	0.71
70.1326	0.715
70.1326	0.72
70.1326	0.725
70.1326	0.73
70.1326	0.735
70.1326	0.74
70.1326	0.745
70.1326	0.75
70.1326	0.755
70.1326	0.76
70.1326	0.765
70.1326	0.77
70.1326	0.775
70.1326	0.78
70.1326	0.785
70.1326	0.79
70.1326	0.795
70.1326	0.8
70.1326	0.805
70.1326	0.81
70.1326	0.815
70.1326	0.82
70.1326	0.825
70.1326	0.83
70.1326	0.835
70.1326	0.84
70.1326	0.845125
70.1326	0.850125
70.1326	0.855125
70.1326	0.860125
70.1326	0.865125
70.1326	0.870125
70.1326	0.875125
70.1326	0.880125
70.1326	0.885125
70.1326	0.890125
69.4663	0.895125
69.3274	0.900125
68.6857	0.905125
68.2375	0.910125
68.3482	0.915125
67.5395	0.920125
66.8803	0.925125
66.2632	0.930125
65.5776	0.935125
64.6669	0.940125
63.7176	0.945
63.0882	0.95
62.5696	0.955
62.0756	0.96
60.7167	0.965
59.915	0.97
59.5845	0.975
56.6222	0.98
54.0977	0.985
51.9389	0.99
47.7706	0.995
45.8175	1
43.1752	1.005
41.4945	1.01
39.7751	1.015
38.3969	1.02
37.6638	1.025
35.6842	1.03
34.8087	1.035
31.7006	1.04
28.6979	1.045
27.1543	1.05
25.9694	1.055
23.4133	1.06
18.4539	1.065
