#A h theta
458.417 -1.12275 176.11
458.417 -1.11813 176.002
458.417 -1.11312 175.885
458.417 -1.10813 175.769
458.417 -1.10312 175.652
458.417 -1.09813 175.535
458.417 -1.09312 175.418
458.417 -1.08813 175.302
458.417 -1.08312 175.185
458.417 -1.07812 175.068
458.417 -1.07312 174.952
458.417 -1.06812 174.835
458.417 -1.06312 174.718
458.417 -1.05812 174.602
458.417 -1.05313 174.485
458.417 -1.04812 174.368
458.417 -1.04313 174.252
458.417 -1.03812 174.135
458.417 -1.03313 174.019
458.417 -1.02812 173.902
458.417 -1.02313 173.785
458.417 -1.02313 173.785
458.417 -1.01812 173.668
458.417 -1.01812 173.668
458.417 -1.01312 173.552
458.417 -1.01312 173.552
458.417 -1.00812 173.435
458.417 -1.00312 173.318
458.417 -0.998125 173.202
458.417 -0.993125 173.085
458.417 -0.988125 172.969
458.417 -0.983125 172.852
458.417 -0.978125 172.735
458.417 -0.973125 172.619
458.417 -0.968125 172.502
458.417 -0.963125 172.385
458.417 -0.958125 172.269
458.417 -0.953 172.149
458.417 -0.948125 172.036
458.417 -0.943 171.916
458.417 -0.938125 171.802
458.417 -0.933 171.683
458.417 -0.928125 171.569
458.417 -0.923 171.449
458.417 -0.918 171.333
458.417 -0.913 171.216
458.417 -0.908 171.1
458.417 -0.903 170.983
458.417 -0.898 170.866
458.417 -0.893 170.75
458.029 -0.888 170.655
458.125 -0.883 170.533
458.264 -0.878 170.408
458.693 -0.873 170.268
458.621 -0.868 170.155
458.823 -0.863 170.027
460.122 -0.858 169.837
460.035 -0.853 169.725
460.251 -0.848 169.597
460.689 -0.843 169.455
461.284 -0.838 169.305
461.072 -0.833 169.201
461.246 -0.828 169.074
460.437 -0.823 169.003
462.032 -0.818 168.797
462.005 -0.812875 168.679
462.603 -0.807875 168.529
462.682 -0.802875 168.408
463.29 -0.797875 168.257
464.22 -0.792875 168.088
464.625 -0.787875 167.949
464.517 -0.782875 167.838
465.428 -0.778 167.673
465.831 -0.772875 167.531
465.959 -0.768 167.41
465.803 -0.762875 167.3
466.216 -0.758 167.163
466.349 -0.753 167.039
465.486 -0.748 166.971
465.07 -0.743 166.877
465.539 -0.738 166.734
465.562 -0.733 166.616
466.087 -0.728 166.47
463.907 -0.723 166.476
463.389 -0.718 166.388
463.057 -0.713 166.29
462.417 -0.708 166.209
463.065 -0.703 166.056
463.331 -0.698 165.925
463.412 -0.693 165.803
461.81 -0.688 165.776
462.164 -0.683 165.64
462.698 -0.678 165.493
462.745 -0.673 165.374
462.417 -0.668125 165.278
462.817 -0.663125 165.139
463.187 -0.658125 165.002
461.873 -0.653125 164.959
462.091 -0.648125 164.83
462.033 -0.643125 164.716
462.353 -0.638125 164.582
462.186 -0.633125 164.474
460.643 -0.628125 164.444
461.771 -0.623125 164.264
461.764 -0.618125 164.147
461.578 -0.613125 164.041
461.237 -0.608125 163.943
460.82 -0.603125 163.85
460.546 -0.598125 163.748
459.929 -0.593125 163.666
459.716 -0.588125 163.561
458.772 -0.583125 163.497
459.215 -0.578125 163.355
459.491 -0.573125 163.223
459.02 -0.568125 163.132
460.595 -0.563125 162.927
461.2 -0.558125 162.777
460.933 -0.553125 162.675
461.77 -0.548125 162.511
461.866 -0.543125 162.389
465.12 -0.538125 162.091
462.323 -0.533125 162.13
459.941 -0.528125 162.145
460.367 -0.523125 162.005
463.779 -0.518125 161.698
463.067 -0.513125 161.621
462.554 -0.508125 161.532
462.501 -0.503125 161.418
462.373 -0.498125 161.308
462.65 -0.493125 161.176
463.153 -0.488125 161.031
462.837 -0.483125 160.932
463.484 -0.478125 160.779
463.447 -0.473125 160.664
463.623 -0.468125 160.537
462.83 -0.463125 160.464
463.765 -0.458125 160.295
464.718 -0.453125 160.125
465.068 -0.448125 159.989
466.284 -0.443 159.801
463.769 -0.438125 159.827
465.419 -0.433 159.615
462.891 -0.428125 159.641
463.104 -0.423 159.509
463.25 -0.418 159.384
464.027 -0.413 159.224
462.87 -0.408 159.171
462.919 -0.403 159.051
461.328 -0.398 159.022
463.461 -0.393 158.787
462.643 -0.388 158.715
461.88 -0.383 158.64
461.123 -0.378 158.565
461.548 -0.373 158.424
458.586 -0.368 158.471
460.096 -0.363 158.27
460.268 -0.358 158.143
459.245 -0.353 158.082
458.255 -0.348 158.02
459.319 -0.343 157.843
459.526 -0.338 157.715
458.285 -0.333 157.666
458.111 -0.328 157.558
458.183 -0.322875 157.434
457.705 -0.318 157.346
458.732 -0.312875 157.169
458.451 -0.307875 157.067
458.444 -0.302875 156.95
458.732 -0.297875 156.816
458.737 -0.292875 156.699
458.999 -0.287875 156.567
458.442 -0.282875 156.48
458.767 -0.277875 156.345
460.08 -0.272875 156.154
459.518 -0.268 156.071
458.535 -0.262875 156.005
458.89 -0.258 155.871
458.96 -0.253 155.749
458.779 -0.248 155.641
458.422 -0.243 155.544
458.345 -0.238 155.43
458.769 -0.233 155.289
458.67 -0.228 155.177
458.069 -0.223 155.093
458.438 -0.218 154.954
457.881 -0.213 154.868
458.155 -0.208 154.735
458.589 -0.203 154.593
459.303 -0.198 154.436
458.291 -0.193 154.374
460.339 -0.188 154.143
460.288 -0.183 154.028
458.771 -0.178 153.994
460.636 -0.173 153.773
460.022 -0.168125 153.692
459.34 -0.163125 153.612
458.978 -0.158125 153.514
459.277 -0.153125 153.38
459.129 -0.148125 153.27
459.783 -0.143125 153.116
458.825 -0.138125 153.051
458.99 -0.133125 152.924
459.252 -0.128125 152.791
458.82 -0.123125 152.697
459.358 -0.118125 152.55
459.235 -0.113125 152.438
459.291 -0.108125 152.317
459.795 -0.103125 152.171
459.767 -0.098125 152.055
459.679 -0.093125 151.942
460.824 -0.088125 151.76
460.393 -0.083125 151.666
460.302 -0.078125 151.553
460.056 -0.073125 151.448
459.774 -0.068125 151.346
460.253 -0.063125 151.201
460.284 -0.058125 151.081
458.134 -0.053125 151.081
458.551 -0.048125 150.94
458.524 -0.043125 150.823
459.059 -0.038125 150.675
459.175 -0.033125 150.551
460.755 -0.028125 150.345
457.675 -0.023125 150.396
459.655 -0.018125 150.169
459.639 -0.013125 150.052
460.063 -0.008125 149.91
459.593 -0.003125 149.817
459.291 0.001875 149.715
459.069 0.006875 149.609
458.473 0.011875 149.523
458.043 0.016875 149.428
460.043 0.021875 149.2
459.919 0.026875 149.088
458.95 0.031875 149.023
460.527 0.036875 148.817
459.841 0.041875 148.737
456.993 0.047 148.772
460.107 0.051875 148.485
458.486 0.057 148.452
458.273 0.061875 148.348
459.347 0.067 148.167
459.205 0.072 148.056
459.37 0.077 147.928
459.291 0.082 147.814
459.639 0.087 147.676
458.521 0.092 147.618
459.207 0.097 147.462
458.357 0.102 147.39
458.83 0.107 147.245
457.902 0.112 147.177
458.739 0.117 147.012
457.45 0.122 146.964
457.923 0.127 146.819
458.588 0.132 146.663
457.208 0.137 146.62
458.192 0.142 146.447
458.166 0.147 146.329
458.015 0.152 146.218
457.976 0.157 146.101
458.533 0.162 145.951
458.301 0.167 145.845
458.931 0.172 145.691
459.491 0.177125 145.538
458.878 0.182 145.455
458.681 0.187125 145.344
458.946 0.192125 145.21
458.901 0.197125 145.093
459.027 0.202125 144.966
457.962 0.207125 144.906
458.227 0.212125 144.771
458.825 0.217125 144.619
457.631 0.222 144.568
457.995 0.227125 144.426
457.508 0.232 144.336
459.442 0.237125 144.107
457.331 0.242 144.106
457.322 0.247 143.987
456.508 0.252 143.912
458.196 0.257 143.7
456.71 0.262 143.662
458.482 0.267 143.445
455.339 0.272 143.497
456.615 0.277 143.308
455.84 0.282 143.23
456.554 0.287 143.071
455.562 0.292 143.006
455.963 0.297 142.864
455.601 0.302 142.764
456.313 0.307 142.605
455.608 0.312 142.523
456.13 0.317 142.375
456.184 0.322 142.252
456.193 0.327 142.131
455.327 0.331875 142.061
456.344 0.336875 141.885
456.128 0.341875 141.777
456.301 0.346875 141.647
455.861 0.351875 141.551
455.618 0.356875 141.444
456.107 0.361875 141.297
455.284 0.366875 141.222
455.161 0.371875 141.108
455.348 0.376875 140.978
455.409 0.381875 140.854
455.594 0.386875 140.723
455.272 0.391875 140.621
454.783 0.396875 140.527
454.356 0.401875 140.43
454.94 0.406875 140.277
454.402 0.411875 140.186
454.813 0.416875 140.043
454.383 0.421875 139.946
454.217 0.426875 139.834
453.878 0.431875 139.732
453.254 0.436875 139.645
453.474 0.441875 139.513
452.278 0.446875 139.457
452.419 0.451875 139.329
451.542 0.456875 139.256
449.949 0.461875 139.223
449.525 0.466875 139.125
448.293 0.471875 139.072
447.76 0.476875 138.98
447.157 0.481875 138.892
446.586 0.486875 138.802
445.352 0.491875 138.749
444.729 0.496875 138.662
444.596 0.501875 138.548
446.231 0.506875 138.337
444.937 0.511875 138.287
444.719 0.516875 138.177
444.555 0.521875 138.065
443.912 0.526875 137.979
443.794 0.531875 137.864
441.544 0.536875 137.866
441.352 0.541875 137.755
439.867 0.547 137.712
439.206 0.551875 137.63
439.03 0.557 137.515
437.451 0.561875 137.483
438.195 0.567 137.318
435.811 0.571875 137.33
435.624 0.577 137.216
433.503 0.582 137.21
433.054 0.587 137.113
433.678 0.592 136.957
432.191 0.597 136.917
431.467 0.602 136.835
429.062 0.607 136.845
428.524 0.612 136.753
426.655 0.617 136.733
424.978 0.622 136.704
425.646 0.627 136.545
426.423 0.632 136.38
424.12 0.637 136.384
424.415 0.642 136.246
424.022 0.647 136.145
420.785 0.652 136.201
419.669 0.657 136.14
420.279 0.662 135.984
420.885 0.667 135.829
420.609 0.672 135.721
419.031 0.677125 135.683
416.165 0.682 135.721
415.033 0.687125 135.658
413.092 0.692125 135.642
413.498 0.697125 135.497
412.842 0.702125 135.41
410.367 0.707125 135.424
408.753 0.712125 135.39
408.623 0.717125 135.274
405.401 0.722 135.332
405.434 0.727125 135.204
401.835 0.732 135.282
403.488 0.737125 135.065
401.371 0.742 135.062
397.665 0.747 135.143
398.824 0.752 134.956
394.9 0.757 135.049
394.787 0.762 134.932
392.017 0.767 134.961
390.825 0.772 134.904
389.832 0.777 134.835
388.068 0.782 134.809
388.397 0.787 134.667
385.648 0.792 134.695
386.349 0.797 134.533
381.947 0.802 134.652
381.43 0.807 134.557
379.291 0.812 134.551
377.793 0.817 134.51
376.437 0.822 134.461
374.924 0.827 134.421
374.897 0.831875 134.302
371.81 0.836875 134.348
369.834 0.841875 134.333
369.057 0.846875 134.251
366.737 0.851875 134.255
366.255 0.856875 134.158
366.629 0.861875 134.013
363.628 0.866875 134.054
362.596 0.871875 133.987
361.31 0.876875 133.934
361.278 0.881875 133.811
358.822 0.886875 133.822
355.167 0.891875 133.899
355.07 0.896875 133.78
352.505 0.901875 133.797
349.717 0.906875 133.826
348.196 0.911875 133.785
346.637 0.916875 133.746
344.793 0.921875 133.723
342.778 0.926875 133.709
341.574 0.931875 133.65
339.923 0.936875 133.617
338.234 0.941875 133.585
337.26 0.946875 133.513
336.145 0.951875 133.45
334.607 0.956875 133.409
332.831 0.961875 133.382
332.561 0.966875 133.272
330.393 0.971875 133.266
328.85 0.976875 133.225
327.587 0.981875 133.17
323.329 0.986875 133.278
319.673 0.991875 133.353
315.809 0.996875 133.44
313.328 1.00188 133.45
312.377 1.00687 133.377
310.069 1.01188 133.378
309.986 1.01687 133.257
310.151 1.02188 133.123
307.817 1.02687 133.125
307.414 1.03187 133.021
306.252 1.03687 132.959
305.753 1.04187 132.861
303.114 1.047 132.876
302.249 1.05187 132.801
302.349 1.057 132.666
300.465 1.06188 132.646
296.977 1.067 132.708
294.862 1.072 132.697
293.805 1.077 132.629
292.648 1.082 132.566
291.448 1.087 132.505
290.305 1.092 132.441
288.83 1.097 132.395
287.513 1.102 132.34
286.898 1.107 132.247
285.657 1.112 132.188
283.983 1.117 132.153
282.076 1.122 132.13
280.764 1.127 132.075
280.23 1.132 131.977
278.338 1.137 131.953
276.369 1.142 131.933
275.722 1.147 131.841
273.363 1.152 131.842
272.322 1.157 131.772
270.053 1.162 131.768
269.277 1.167 131.682
265.353 1.172 131.768
264.239 1.17712 131.697
262.813 1.182 131.65
260.538 1.18712 131.642
259.049 1.19213 131.595
257.536 1.19712 131.549
256.249 1.20213 131.491
254.593 1.20713 131.452
252.94 1.21213 131.414
251.328 1.21713 131.372
249.646 1.22213 131.335
246.996 1.22713 131.349
245.309 1.232 131.315
243.294 1.23713 131.291
241.71 1.242 131.251
239.222 1.247 131.256
237.549 1.252 131.217
236.17 1.257 131.162
233.839 1.262 131.158
231.656 1.267 131.145
229.687 1.272 131.121
228.293 1.277 131.067
227.684 1.282 130.97
226.408 1.287 130.909
223.852 1.292 130.915
221.243 1.297 130.924
220.155 1.302 130.852
217.36 1.307 130.87
215.276 1.312 130.85
214.714 1.317 130.75
212.274 1.322 130.749
210.291 1.327 130.723
207.293 1.33188 130.753
205.403 1.33688 130.721
204.174 1.34187 130.656
202.708 1.34688 130.602
200.658 1.35187 130.578
198.524 1.35688 130.558
196.476 1.36187 130.534
194.804 1.36688 130.489
192.856 1.37187 130.459
191.735 1.37688 130.385
190.548 1.38187 130.316
189.416 1.38688 130.242
187.626 1.39187 130.203
187.686 1.39688 130.069
186.012 1.40188 130.023
183.284 1.40688 130.03
182.153 1.41188 129.956
180.455 1.41688 129.91
178.892 1.42188 129.857
177.057 1.42687 129.817
175.353 1.43188 129.77
173.397 1.43687 129.736
171.785 1.44188 129.684
171.122 1.44687 129.585
170.041 1.45188 129.506
169.111 1.45688 129.419
167.891 1.46188 129.347
165.461 1.46688 129.333
161.745 1.47188 129.381
159.461 1.47688 129.359
157.666 1.48188 129.312
155.838 1.48688 129.266
154.168 1.49188 129.212
152.439 1.49688 129.161
151.724 1.50187 129.061
150.114 1.50687 129.003
149.317 1.51187 128.907
147.345 1.51687 128.865
145.657 1.52188 128.808
145.072 1.52687 128.701
144.363 1.53188 128.599
143.623 1.53687 128.499
141.999 1.54188 128.438
141.065 1.54688 128.346
139.85 1.55188 128.266
134.931 1.55688 128.35
132.79 1.56188 128.308
129.019 1.56688 128.336
125.575 1.57188 128.346
123.638 1.57688 128.291
122.346 1.58188 128.208
121.839 1.58688 128.092
120.451 1.59187 128.013
119.925 1.59688 127.897
118.139 1.60187 127.832
116.919 1.60688 127.743
114.412 1.61187 127.704
112.796 1.61688 127.628
110.905 1.62187 127.562
108.496 1.62688 127.512
106.075 1.63187 127.461
103.86 1.63688 127.4
101.009 1.64187 127.358
98.8182 1.64688 127.291
97.0777 1.65188 127.206
95.4428 1.657 127.114
94.0715 1.66188 127.018
92.6792 1.667 126.915
91.4222 1.672 126.81
89.8945 1.677 126.711
88.5865 1.682 126.605
86.5156 1.687 126.516
85.8317 1.692 126.391
85.0072 1.697 126.269
83.6324 1.702 126.158
81.8551 1.707 126.053
80.0285 1.712 125.947
78.7416 1.717 125.827
77.1981 1.722 125.71
76.0237 1.727 125.584
74.8019 1.732 125.458
72.0963 1.737 125.346
70.2047 1.742 125.218
69.1305 1.747 125.08
68.1689 1.75187 124.944
66.8275 1.75687 124.804
65.6848 1.76187 124.66
64.9007 1.76687 124.513
63.4732 1.77188 124.364
62.5802 1.77687 124.214
61.1491 1.78188 124.057
58.8778 1.78687 123.888
53.8621 1.79188 123.651
51.2603 1.79688 123.431
49.0628 1.80188 123.204
45.5344 1.80688 122.896
39.1669 1.81188 122.327
33.1843 1.81688 121.559
29.6613 1.82188 120.892
25.871 1.82688 120.012
18.5383 1.83188 117.626
