50.84249222	-0.005
58.56913941	-0.01
63.18069564	-0.015
63.37411632	-0.019875
65.03006881	-0.025
67.19841644	-0.029875
67.66330474	-0.034875
68.76274861	-0.039875
70.24564049	-0.044875
71.34508436	-0.049875
73.041757	-0.054875
73.71363936	-0.059875
76.67602979	-0.064875
78.48128947	-0.069875
79.08530493	-0.074875
80.98897163	-0.08
83.18107267	-0.085
85.12885286	-0.09
87.6501084	-0.095
90.09671034	-0.1
91.38957489	-0.105
92.45847865	-0.11
94.69808653	-0.115
98.14572533	-0.12
99.38090301	-0.125
102.2448864	-0.13
103.6972382	-0.135
104.3725139	-0.14
105.3599774	-0.145
107.0328966	-0.15
110.9556037	-0.155
112.2281082	-0.16
115.2244321	-0.165
117.5895937	-0.17
119.3846734	-0.175
121.169573	-0.180125
124.4102177	-0.185125
126.8703931	-0.190125
128.2989914	-0.195125
130.7455934	-0.200125
132.1063248	-0.205125
135.0924687	-0.210125
138.0887925	-0.215125
140.5150344	-0.220125
141.9504195	-0.225125
142.7003488	-0.230125
143.8506928	-0.235125
144.3868414	-0.240125
146.9623904	-0.245125
147.8955604	-0.250125
149.5650862	-0.255125
150.1928551	-0.260125
151.1599585	-0.265125
152.4731831	-0.270125
156.2330097	-0.275125
159.3277406	-0.280125
161.1330003	-0.285125
163.5694222	-0.290125
167.400509	-0.295125
168.5270996	-0.300125
170.0676784	-0.305125
170.3730795	-0.310125
171.4046564	-0.315125
173.3795834	-0.320125
174.0989726	-0.325125
175.076256	-0.330125
177.1529833	-0.335125
177.7603921	-0.340125
178.0725799	-0.345125
180.8890565	-0.350125
184.0143275	-0.355125
185.1001979	-0.360125
186.8036573	-0.365125
188.1100952	-0.370125
190.8587049	-0.375125
191.3541333	-0.380125
193.1865397	-0.385125
195.4668678	-0.390125
197.4112546	-0.395125
199.5694222	-0.400125
203.5498162	-0.405125
206.8345744	-0.410125
210.5977943	-0.415125
211.832972	-0.42
212.4573475	-0.425
212.7186351	-0.43
213.2887171	-0.435
214.574795	-0.44
216.9569234	-0.445
220.7574701	-0.45
223.2108587	-0.455
226.2479027	-0.46
228.8777453	-0.465
231.6161749	-0.47
234.3512112	-0.475
235.409935	-0.48
235.6135357	-0.485
237.9719106	-0.49
241.0530681	-0.495
242.821001	-0.5
244.1342257	-0.505
248.8713357	-0.51
249.7468187	-0.515
252.2341408	-0.52
254.0801207	-0.525
256.9780375	-0.529875
258.7290037	-0.534875
260.0761617	-0.539875
262.3089829	-0.544875
265.4172872	-0.549875
267.066453	-0.554875
268.3593176	-0.559875
269.6182487	-0.564875
271.8103497	-0.569875
273.7920633	-0.574875
275.4344425	-0.58
278.0846451	-0.585
280.0459987	-0.59
281.0673956	-0.595
282.9371289	-0.6
286.761429	-0.605
288.3970214	-0.61
291.970214	-0.615
293.5277594	-0.62
294.4168159	-0.625
297.0398718	-0.63
297.4029598	-0.635
300.0837025	-0.64
303.3718541	-0.645
304.4780846	-0.65
307.4540484	-0.655
308.7978132	-0.66
311.5260628	-0.665
312.7951739	-0.67
314.7463474	-0.675
316.2631728	-0.68
318.3059666	-0.685125
319.7854652	-0.690125
322.014893	-0.695125
323.5520784	-0.700125
325.3675181	-0.705125
327.0438307	-0.710125
329.877274	-0.715125
331.4755396	-0.720125
333.4844	-0.725125
337.060986	-0.730125
339.5686681	-0.735125
341.4180413	-0.740125
342.575172	-0.745125
343.980017	-0.750125
345.9990574	-0.755125
348.6458667	-0.760125
350.4613064	-0.765125
351.6591573	-0.770125
354.7063814	-0.775125
357.7162786	-0.780125
359.4333113	-0.785125
360.1798473	-0.790125
363.410312	-0.795125
366.3082289	-0.800125
368.059195	-0.805125
369.1620322	-0.810125
371.9649354	-0.815125
373.2951268	-0.820125
374.3063437	-0.825125
375.1818268	-0.830125
376.4645113	-0.835125
378.4156848	-0.840125
380.6417193	-0.845125
382.182298	-0.850125
383.6176831	-0.855125
384.7578471	-0.860125
386.9499482	-0.865125
388.6330474	-0.870125
391.5004242	-0.875125
392.7559619	-0.880125
393.3497973	-0.885125
396.7974361	-0.890125
399.3288717	-0.895125
401.8908474	-0.900125
401.5379395	-0.905125
404.0999152	-0.910125
405.2909794	-0.915
408.1413894	-0.92
410.5981714	-0.925
412.8208125	-0.93
414.00509	-0.935
416.9640871	-0.94
419.1324347	-0.945
421.6061834	-0.95
424.6398341	-0.955
426.7097747	-0.96
428.2435668	-0.965
431.3484777	-0.97
434.3142615	-0.975
435.4713922	-0.98
437.0560845	-0.985
438.6000566	-0.99
440.1643887	-0.995
442.5499105	-1
444.4909039	-1.005
446.8017721	-1.01
448.4848713	-1.015
449.4825148	-1.019875
452.7061929	-1.025
455.0815345	-1.029875
456.7544538	-1.034875
460.0120652	-1.039875
462.4315204	-1.044875
465.3939108	-1.049875
467.3382977	-1.054875
469.3743048	-1.059875
473.3105854	-1.064875
475.4857197	-1.069875
477.6540673	-1.074875
481.0100858	-1.08
482.1604298	-1.085
484.9192195	-1.09
487.0536337	-1.095
489.0387407	-1.1
491.410689	-1.105
493.5247431	-1.11
494.8752946	-1.115
496.904515	-1.12
500.0908662	-1.125
502.1268734	-1.13
503.6131586	-1.135
505.2792912	-1.14
506.3448016	-1.145
508.6081629	-1.15
510.9359977	-1.155
512.3679894	-1.16
514.0273353	-1.165
517.5598077	-1.17
519.7077953	-1.175
521.2721274	-1.18
522.9925535	-1.185
524.7333396	-1.190125
527.2274484	-1.195125
528.6356867	-1.200125
530.909228	-1.205125
535.3002168	-1.210125
534.8217551	-1.215125
537.051183	-1.220125
540.4411349	-1.225125
540.8856631	-1.230125
541.6593458	-1.235125
547.2006787	-1.240125
549.6235272	-1.245125
552.7250448	-1.250125
554.4352908	-1.255125
558.6939391	-1.260125
558.3817513	-1.265125
562.8100669	-1.270125
561.6325761	-1.275125
562.9050806	-1.280125
564.1436516	-1.285125
566.8583278	-1.290125
568.0358186	-1.295125
569.0741823	-1.300125
570.9133754	-1.305125
573.3090772	-1.310125
574.7885757	-1.315125
576.9399566	-1.320125
578.2430012	-1.325125
579.4917523	-1.330125
582.437176	-1.335125
583.9743614	-1.340125
584.6699972	-1.345125
588.0226223	-1.350125
591.7756622	-1.355125
592.4848713	-1.360125
593.8014893	-1.365125
596.3295315	-1.370125
597.6597229	-1.375125
599.1935149	-1.380125
602.1050052	-1.385125
603.8797248	-1.390125
605.7121312	-1.395125
607.8906589	-1.400125
610.8360826	-1.405125
613.1876708	-1.410125
614.1887077	-1.415
616.1975681	-1.42
620.0320483	-1.425
620.5851635	-1.43
622.5770572	-1.435
625.6989349	-1.44
627.0969931	-1.445
628.5120181	-1.45
632.0037704	-1.455
635.1086813	-1.46
640.7484212	-1.465
642.1396927	-1.47
645.818079	-1.475
648.7193892	-1.48
649.7781129	-1.485
650.8164766	-1.49
652.4486757	-1.495
654.053728	-1.5
657.8203412	-1.505
659.8054482	-1.51
663.2021868	-1.515
666.5989254	-1.519875
694.41757	-1.525
689.307192	-1.529875
693.7931945	-1.534875
688.5097559	-1.539875
688.3808087	-1.544875
688.1873881	-1.549875
689.6125931	-1.554875
691.1395985	-1.559875
690.6509567	-1.564875
692.5546234	-1.569875
692.8668112	-1.574875
694.8213781	-1.58
695.557734	-1.585
697.2272599	-1.59
700.2982373	-1.595
699.8435291	-1.6
700.7970591	-1.605
703.4506551	-1.61
706.6370063	-1.615
708.2047318	-1.62
711.862758	-1.625
712.7993213	-1.63
716.6439815	-1.635
716.9561693	-1.64
717.6823452	-1.645
720.7227825	-1.65
722.280328	-1.655
723.9668206	-1.66
725.7449335	-1.665
728.6055236	-1.67
730.1121689	-1.675
732.3619568	-1.680125
735.1173532	-1.685125
737.6250353	-1.690125
738.7041191	-1.695125
741.8836837	-1.700125
742.9525874	-1.705125
745.6231502	-1.710125
746.4714865	-1.715125
748.1172589	-1.720125
753.6178716	-1.725125
761.0526911	-1.730125
766.3904232	-1.735125
761.7754737	-1.740125
762.908851	-1.745125
764.5783768	-1.750125
765.8712414	-1.755125
768.0565558	-1.760125
769.2645867	-1.765125
771.0053728	-1.770125
772.5968517	-1.775125
774.083137	-1.780125
776.4041851	-1.785125
777.4221887	-1.790125
779.3733622	-1.795125
780.1843718	-1.800125
781.7453106	-1.805125
783.9034782	-1.810125
785.5696107	-1.815125
786.6249411	-1.820125
788.4098407	-1.825125
792.0644736	-1.830125
801.1552455	-1.835125
808.3491375	-1.840125
808.2609105	-1.845125
810.0288434	-1.850125
813.0862475	-1.855125
813.4120087	-1.860125
815.8891507	-1.865125
814.2637383	-1.870125
816.7476671	-1.875125
814.7489867	-1.880125
816.1131115	-1.885125
817.3143557	-1.890125
819.106042	-1.895125
825.1054765	-1.900125
823.0694693	-1.905125
825.1054765	-1.910125
827.7421058	-1.915125
830.2260345	-1.92
832.0923744	-1.925
833.5582996	-1.93
835.0785182	-1.935
836.3917429	-1.94
838.3802432	-1.945
840.5519842	-1.95
842.8764257	-1.955
844.5255915	-1.96
847.3556414	-1.965
852.0113112	-1.97
852.2759921	-1.975
855.3401829	-1.98
857.7121312	-1.985
858.604581	-1.99
860.1214064	-1.995
867.9532472	-2
867.2915449	-2.005
868.4860025	-2.01
875.5000471	-2.015
878.486191	-2.019875
884.5365256	-2.025
891.0212084	-2.029875
891.567537	-2.034875
893.3422566	-2.039875
892.3446131	-2.044875
896.4743143	-2.049875
895.9008389	-2.054875
897.906306	-2.059875
899.1754171	-2.064875
903.5731926	-2.069875
905.9112075	-2.074875
904.3672354	-2.08
907.3873127	-2.085
910.6584975	-2.09
912.6673579	-2.095
911.9343953	-2.1
914.9273259	-2.105
917.1228202	-2.11
916.6545386	-2.115
918.7855594	-2.12
919.9359035	-2.125
922.4707324	-2.13
925.6163635	-2.135
935.2975775	-2.14
932.6371948	-2.145
932.9901027	-2.15
938.280328	-2.155
935.6674522	-2.16
937.4862852	-2.165
941.6227731	-2.17
939.2745782	-2.175
945.1925723	-2.18
947.8292016	-2.185125
949.464794	-2.190125
952.186257	-2.195125
949.8210953	-2.200125
952.11839	-2.205125
958.2467716	-2.210125
957.7615232	-2.215125
963.3198228	-2.220125
964.7687812	-2.225125
967.2357432	-2.230125
965.3999434	-2.235125
970.8768027	-2.240125
977.582053	-2.245125
978.1792817	-2.250125
982.6890376	-2.255125
983.852955	-2.260125
985.9975493	-2.265125
983.9751155	-2.270125
987.8469224	-2.275125
989.8354228	-2.280125
988.864926	-2.285125
990.9721934	-2.290125
996.4117259	-2.295125
999.8186445	-2.300125
1000.548214	-2.305125
1001.539071	-2.310125
1001.953059	-2.315125
1002.607974	-2.320125
1004.640588	-2.325125
1008.006787	-2.330125
1008.624376	-2.335125
1010.575549	-2.340125
1010.599302	-2.345125
1012.883024	-2.350125
1015.509473	-2.355125
1015.702894	-2.360125
1016.564803	-2.365125
1019.31002	-2.370125
1021.780375	-2.375125
1024.162504	-2.380125
1026.239231	-2.385125
1027.549062	-2.390125
1029.69705	-2.395125
1034.685267	-2.400125
1036.052785	-2.405
1037.688378	-2.410125
1036.809501	-2.415
1038.058252	-2.42
1043.12791	-2.425
1045.893487	-2.43
1047.552833	-2.435
1051.573947	-2.44
1058.961259	-2.445
1060.145537	-2.45
1060.013196	-2.455
1060.797059	-2.46
1061.723442	-2.465
1071.727024	-2.47
1067.997738	-2.48
1109.956452	-2.559875
1112.189273	-2.564875
1115.07701	-2.569875
1116.990857	-2.574875
1118.490715	-2.58
1120.309548	-2.585
1123.064945	-2.59
1126.573664	-2.6
1128.348383	-2.61
1123.48572	-2.615
1125.837308	-2.62
1127.808842	-2.625
1130.106136	-2.63
1131.361674	-2.635
1132.756339	-2.64
1135.223301	-2.645
1136.913187	-2.65
1138.871147	-2.655
1141.606183	-2.66
1143.791498	-2.665
1147.670091	-2.67
1151.562258	-2.675
1153.116411	-2.68
1157.860307	-2.685
1161.314733	-2.690125
1163.628994	-2.695125
