#A h theta
458.417 -1.1882 178.38
458.417 -1.18315 178.262
458.417 -1.17766 178.134
458.417 -1.17218 178.006
458.417 -1.16667 177.877
458.417 -1.16117 177.749
458.417 -1.15563 177.619
458.417 -1.15011 177.49
458.417 -1.14455 177.361
458.417 -1.13899 177.231
458.417 -1.13342 177.101
458.417 -1.12784 176.97
458.417 -1.12225 176.84
458.417 -1.11664 176.709
458.417 -1.11104 176.578
458.417 -1.10541 176.447
458.417 -1.09979 176.316
458.417 -1.09414 176.184
458.417 -1.0885 176.052
458.417 -1.08283 175.92
458.417 -1.07717 175.788
458.417 -1.07717 175.788
458.417 -1.07148 175.655
458.417 -1.07148 175.655
458.417 -1.06579 175.522
458.417 -1.06579 175.522
458.417 -1.0601 175.389
458.417 -1.05439 175.256
458.417 -1.04868 175.123
458.417 -1.04296 174.989
458.417 -1.03723 174.855
458.417 -1.0315 174.722
458.417 -1.02575 174.588
458.417 -1.02 174.453
458.417 -1.01424 174.319
458.417 -1.00847 174.184
458.417 -1.0027 174.05
458.417 -0.996769 173.911
458.417 -0.991124 173.78
458.417 -0.985184 173.641
458.417 -0.979526 173.509
458.417 -0.973572 173.37
458.417 -0.967902 173.238
458.417 -0.961934 173.099
458.417 -0.956107 172.963
458.417 -0.950273 172.827
458.417 -0.944433 172.691
458.417 -0.938588 172.554
458.417 -0.932737 172.418
458.417 -0.92688 172.281
458.029 -0.921019 172.166
458.125 -0.915152 172.024
458.264 -0.90928 171.879
458.693 -0.903404 171.718
458.621 -0.897522 171.585
458.823 -0.891636 171.437
460.122 -0.885745 171.228
460.035 -0.87985 171.095
460.251 -0.873951 170.945
460.689 -0.868048 170.784
461.284 -0.86214 170.613
461.072 -0.856229 170.487
461.246 -0.850314 170.34
460.437 -0.844395 170.246
462.032 -0.838473 170.02
462.005 -0.832399 169.88
462.603 -0.82647 169.709
462.682 -0.820538 169.566
463.29 -0.814602 169.395
464.22 -0.808664 169.205
464.625 -0.802723 169.045
464.517 -0.796779 168.912
465.428 -0.790981 168.727
465.831 -0.784884 168.563
465.959 -0.779081 168.42
465.803 -0.772979 168.287
466.216 -0.767172 168.129
466.349 -0.761214 167.982
465.486 -0.755254 167.891
465.07 -0.749292 167.774
465.539 -0.743329 167.61
465.562 -0.737364 167.469
466.087 -0.731397 167.301
463.907 -0.725429 167.281
463.389 -0.71946 167.17
463.057 -0.713489 167.049
462.417 -0.707517 166.945
463.065 -0.701544 166.77
463.331 -0.695571 166.616
463.412 -0.689596 166.472
461.81 -0.683621 166.42
462.164 -0.677645 166.262
462.698 -0.671668 166.093
462.745 -0.665691 165.951
462.417 -0.659863 165.833
462.817 -0.653885 165.671
463.187 -0.647907 165.512
461.873 -0.641929 165.444
462.091 -0.635951 165.292
462.033 -0.629973 165.156
462.353 -0.623995 164.999
462.186 -0.618017 164.868
460.643 -0.61204 164.813
461.771 -0.606063 164.612
461.764 -0.600086 164.473
461.578 -0.59411 164.343
461.237 -0.588135 164.222
460.82 -0.582161 164.105
460.546 -0.576187 163.981
459.929 -0.570214 163.874
459.716 -0.564243 163.747
458.772 -0.558272 163.658
459.215 -0.552302 163.495
459.491 -0.546334 163.34
459.02 -0.540367 163.226
460.595 -0.534401 163.001
461.2 -0.528437 162.829
460.933 -0.522475 162.704
461.77 -0.516513 162.519
461.866 -0.510554 162.375
465.12 -0.504596 162.059
462.323 -0.49864 162.071
459.941 -0.492686 162.061
460.367 -0.486734 161.899
463.779 -0.480784 161.575
463.067 -0.474836 161.474
462.554 -0.46889 161.363
462.501 -0.462947 161.227
462.373 -0.457005 161.095
462.65 -0.451066 160.941
463.153 -0.44513 160.774
462.837 -0.439196 160.653
463.484 -0.433264 160.479
463.447 -0.427335 160.342
463.623 -0.421409 160.194
462.83 -0.415485 160.098
463.765 -0.409564 159.909
464.718 -0.403646 159.719
465.068 -0.397731 159.561
466.284 -0.391671 159.354
463.769 -0.38591 159.354
465.419 -0.379856 159.123
462.891 -0.374101 159.125
463.104 -0.368054 158.972
463.25 -0.362157 158.826
464.027 -0.356264 158.646
462.87 -0.350374 158.57
462.919 -0.344488 158.429
461.328 -0.338605 158.377
463.461 -0.332726 158.124
462.643 -0.32685 158.031
461.88 -0.320977 157.934
461.123 -0.315109 157.837
461.548 -0.309244 157.677
458.586 -0.303382 157.699
460.096 -0.297525 157.48
460.268 -0.291671 157.333
459.245 -0.285822 157.251
458.255 -0.279976 157.167
459.319 -0.274134 156.972
459.526 -0.268296 156.824
458.285 -0.262462 156.754
458.111 -0.256632 156.626
458.183 -0.250661 156.482
457.705 -0.244985 156.374
458.732 -0.239023 156.179
458.451 -0.23321 156.057
458.444 -0.227402 155.921
458.732 -0.221597 155.769
458.737 -0.215798 155.632
458.999 -0.210002 155.482
458.442 -0.204211 155.376
458.767 -0.198425 155.222
460.08 -0.192643 155.015
459.518 -0.18701 154.913
458.535 -0.181093 154.826
458.89 -0.175469 154.675
458.96 -0.169705 154.535
458.779 -0.163946 154.409
458.422 -0.158192 154.293
458.345 -0.152442 154.162
458.769 -0.146697 154.003
458.67 -0.140958 153.874
458.069 -0.135223 153.771
458.438 -0.129492 153.616
457.881 -0.123767 153.511
458.155 -0.118047 153.361
458.589 -0.112331 153.203
459.303 -0.106621 153.03
458.291 -0.100915 152.949
460.339 -0.0952148 152.705
460.288 -0.0895195 152.573
458.771 -0.0838292 152.52
460.636 -0.078144 152.286
460.022 -0.0726058 152.188
459.34 -0.0669308 152.091
458.978 -0.0612609 151.976
459.277 -0.0555962 151.826
459.129 -0.0499368 151.7
459.783 -0.0442825 151.532
458.825 -0.0386335 151.449
458.99 -0.0329898 151.307
459.252 -0.0273514 151.16
458.82 -0.0217182 151.05
459.358 -0.0160905 150.888
459.235 -0.010468 150.761
459.291 -0.00485092 150.625
459.795 0.000760781 150.465
459.767 0.00636709 150.334
459.679 0.011968 150.206
460.824 0.0175635 150.012
460.393 0.0231535 149.903
460.302 0.0287381 149.775
460.056 0.0343172 149.656
459.774 0.0398908 149.539
460.253 0.045459 149.382
460.284 0.0510216 149.248
458.134 0.0565788 149.231
458.551 0.0621304 149.077
458.524 0.0676764 148.947
459.059 0.0732169 148.787
459.175 0.0787519 148.649
460.755 0.0842813 148.433
457.675 0.0898051 148.467
459.655 0.0953233 148.23
459.639 0.100836 148.1
460.063 0.106343 147.946
459.593 0.111844 147.841
459.291 0.11734 147.726
459.069 0.12283 147.607
458.473 0.128315 147.509
458.043 0.133794 147.402
460.043 0.139267 147.164
459.919 0.144735 147.041
458.95 0.150197 146.963
460.527 0.155653 146.748
459.841 0.161104 146.655
456.993 0.166685 146.675
460.107 0.171989 146.382
458.486 0.177558 146.336
458.273 0.182851 146.221
459.347 0.188409 146.031
459.205 0.193825 145.909
459.37 0.199236 145.771
459.291 0.204642 145.647
459.639 0.210042 145.499
458.521 0.215436 145.43
459.207 0.220824 145.265
458.357 0.226207 145.182
458.83 0.231584 145.028
457.902 0.236955 144.949
458.739 0.242321 144.776
457.45 0.247681 144.717
457.923 0.253036 144.564
458.588 0.258385 144.4
457.208 0.263728 144.346
458.192 0.269066 144.166
458.166 0.274398 144.04
458.015 0.279724 143.92
457.976 0.285045 143.795
458.533 0.29036 143.638
458.301 0.29567 143.523
458.931 0.300974 143.362
459.491 0.306405 143.202
458.878 0.311565 143.111
458.681 0.316985 142.992
458.946 0.322266 142.851
458.901 0.327542 142.727
459.027 0.332813 142.593
457.962 0.338078 142.524
458.227 0.343337 142.383
458.825 0.348591 142.225
457.631 0.353709 142.166
457.995 0.359083 142.018
457.508 0.36419 141.921
459.442 0.369553 141.689
457.331 0.374649 141.679
457.322 0.37987 141.554
456.508 0.385086 141.472
458.196 0.390296 141.256
456.71 0.395501 141.21
458.482 0.400701 140.99
455.339 0.405895 141.033
456.615 0.411084 140.84
455.84 0.416268 140.756
456.554 0.421446 140.593
455.562 0.426619 140.522
455.963 0.431786 140.376
455.601 0.436949 140.27
456.313 0.442106 140.108
455.608 0.447258 140.021
456.13 0.452404 139.869
456.184 0.457545 139.742
456.193 0.462681 139.617
455.327 0.467684 139.543
456.344 0.47281 139.365
456.128 0.477931 139.252
456.301 0.483046 139.119
455.861 0.488156 139.019
455.618 0.493262 138.909
456.107 0.498362 138.759
455.284 0.503457 138.68
455.161 0.508547 138.563
455.348 0.513632 138.43
455.409 0.518712 138.303
455.594 0.523787 138.17
455.272 0.528857 138.065
454.783 0.533922 137.968
454.356 0.538982 137.868
454.94 0.544037 137.714
454.402 0.549087 137.62
454.813 0.554133 137.476
454.383 0.559173 137.376
454.217 0.564209 137.263
453.878 0.56924 137.159
453.254 0.574266 137.07
453.474 0.579287 136.936
452.278 0.584304 136.878
452.419 0.589315 136.748
451.542 0.594322 136.673
449.949 0.599325 136.637
449.525 0.604323 136.538
448.293 0.609316 136.482
447.76 0.614304 136.389
447.157 0.619288 136.3
446.586 0.624267 136.209
445.352 0.629242 136.153
444.729 0.634212 136.066
444.596 0.639178 135.951
446.231 0.644139 135.743
444.937 0.649095 135.691
444.719 0.654048 135.582
444.555 0.658995 135.47
443.912 0.663939 135.383
443.794 0.668878 135.269
441.544 0.673813 135.268
441.352 0.678743 135.158
439.867 0.683792 135.114
439.206 0.688591 135.032
439.03 0.693632 134.918
437.451 0.698422 134.885
438.195 0.703454 134.722
435.811 0.708236 134.732
435.624 0.71326 134.619
433.503 0.718156 134.612
433.054 0.723049 134.516
433.678 0.727937 134.363
432.191 0.732822 134.323
431.467 0.737702 134.242
429.062 0.742579 134.251
428.524 0.747451 134.16
426.655 0.75232 134.14
424.978 0.757184 134.11
425.646 0.762045 133.955
426.423 0.766902 133.794
424.12 0.771755 133.798
424.415 0.776604 133.663
424.022 0.781449 133.564
420.785 0.786291 133.618
419.669 0.791129 133.559
420.279 0.795963 133.407
420.885 0.800794 133.256
420.609 0.805621 133.151
419.031 0.810565 133.114
416.165 0.815264 133.151
415.033 0.8202 133.09
413.092 0.825013 133.075
413.498 0.829822 132.935
412.842 0.834627 132.851
410.367 0.839429 132.865
408.753 0.844228 132.833
408.623 0.849023 132.721
405.401 0.853695 132.778
405.434 0.858603 132.655
401.835 0.863269 132.732
403.488 0.86817 132.522
401.371 0.87283 132.52
397.665 0.877605 132.6
398.824 0.882377 132.42
394.9 0.887146 132.511
394.787 0.891912 132.399
392.017 0.896675 132.429
390.825 0.901434 132.375
389.832 0.906191 132.31
388.068 0.910944 132.286
388.397 0.915695 132.151
385.648 0.920442 132.18
386.349 0.925186 132.024
381.947 0.929928 132.142
381.43 0.934666 132.052
379.291 0.939402 132.048
377.793 0.944135 132.011
376.437 0.948865 131.965
374.924 0.953592 131.929
374.897 0.958198 131.815
371.81 0.96292 131.863
369.834 0.967639 131.851
369.057 0.972355 131.774
366.737 0.977069 131.781
366.255 0.98178 131.689
366.629 0.986488 131.551
363.628 0.991193 131.594
362.596 0.995896 131.532
361.31 1.0006 131.483
361.278 1.0053 131.367
358.822 1.00999 131.381
355.167 1.01468 131.459
355.07 1.01937 131.347
352.505 1.02406 131.366
349.717 1.02875 131.398
348.196 1.03343 131.362
346.637 1.03811 131.328
344.793 1.04279 131.309
342.778 1.04747 131.299
341.574 1.05214 131.246
339.923 1.05681 131.216
338.234 1.06148 131.189
337.26 1.06615 131.124
336.145 1.07082 131.066
334.607 1.07548 131.031
332.831 1.08014 131.008
332.561 1.0848 130.905
330.393 1.08946 130.903
328.85 1.09411 130.868
327.587 1.09876 130.818
323.329 1.10342 130.928
319.673 1.10806 131.005
315.809 1.11271 131.093
313.328 1.11736 131.108
312.377 1.12199 131.041
310.069 1.12664 131.046
309.986 1.13128 130.933
310.151 1.13592 130.807
307.817 1.14055 130.814
307.414 1.14518 130.718
306.252 1.14981 130.663
305.753 1.15444 130.572
303.114 1.15919 130.591
302.249 1.1637 130.523
302.349 1.16845 130.397
300.465 1.17296 130.383
296.977 1.17769 130.447
294.862 1.18231 130.442
293.805 1.18693 130.38
292.648 1.19155 130.324
291.448 1.19616 130.27
290.305 1.20078 130.213
288.83 1.20539 130.174
287.513 1.21 130.126
286.898 1.21461 130.041
285.657 1.21922 129.989
283.983 1.22383 129.96
282.076 1.22843 129.943
280.764 1.23304 129.894
280.23 1.23764 129.805
278.338 1.24224 129.787
276.369 1.24684 129.773
275.722 1.25144 129.689
273.363 1.25603 129.696
272.322 1.26063 129.633
270.053 1.26523 129.634
269.277 1.26982 129.557
265.353 1.27441 129.645
264.239 1.27911 129.583
262.813 1.28359 129.542
260.538 1.28829 129.541
259.049 1.29289 129.5
257.536 1.29746 129.462
256.249 1.30206 129.41
254.593 1.30664 129.379
252.94 1.31123 129.347
251.328 1.31581 129.313
249.646 1.32039 129.282
246.996 1.32497 129.301
245.309 1.32943 129.274
243.294 1.33412 129.257
241.71 1.33858 129.224
239.222 1.34316 129.234
237.549 1.34773 129.202
236.17 1.3523 129.155
233.839 1.35688 129.156
231.656 1.36145 129.15
229.687 1.36602 129.132
228.293 1.37059 129.085
227.684 1.37516 128.998
226.408 1.37973 128.944
223.852 1.38429 128.956
221.243 1.38886 128.97
220.155 1.39342 128.907
217.36 1.39799 128.93
215.276 1.40255 128.917
214.714 1.40711 128.826
212.274 1.41168 128.83
210.291 1.41624 128.811
207.293 1.42069 128.846
205.403 1.42525 128.821
204.174 1.4298 128.764
202.708 1.43436 128.717
200.658 1.43891 128.7
198.524 1.44347 128.687
196.476 1.44802 128.669
194.804 1.45258 128.632
192.856 1.45713 128.609
191.735 1.46169 128.544
190.548 1.46623 128.483
189.416 1.47079 128.418
187.626 1.47533 128.386
187.686 1.47989 128.263
186.012 1.48444 128.224
183.284 1.48899 128.237
182.153 1.49354 128.171
180.455 1.49808 128.133
178.892 1.50263 128.088
177.057 1.50717 128.055
175.353 1.51172 128.016
173.397 1.51625 127.989
171.785 1.5208 127.945
171.122 1.52534 127.855
170.041 1.52989 127.785
169.111 1.53443 127.708
167.891 1.53897 127.645
165.461 1.54351 127.637
161.745 1.54804 127.688
159.461 1.55258 127.672
157.666 1.55712 127.633
155.838 1.56165 127.595
154.168 1.56619 127.548
152.439 1.57072 127.505
151.724 1.57525 127.415
150.114 1.57978 127.365
149.317 1.58431 127.278
147.345 1.58884 127.243
145.657 1.59338 127.195
145.072 1.5979 127.098
144.363 1.60244 127.007
143.623 1.60695 126.917
141.999 1.61149 126.864
141.065 1.61602 126.781
139.85 1.62054 126.71
134.931 1.62506 126.794
132.79 1.62959 126.76
129.019 1.63411 126.79
125.575 1.63863 126.803
123.638 1.64315 126.755
122.346 1.64767 126.681
121.839 1.65219 126.577
120.451 1.65669 126.506
119.925 1.66122 126.401
118.139 1.66573 126.344
116.919 1.67025 126.264
114.412 1.67475 126.231
112.796 1.67927 126.163
110.905 1.68378 126.104
108.496 1.68829 126.061
106.075 1.69279 126.016
103.86 1.69731 125.961
101.009 1.70181 125.923
98.8182 1.70632 125.862
97.0777 1.71082 125.786
95.4428 1.71544 125.701
94.0715 1.71983 125.615
92.6792 1.72444 125.521
91.4222 1.72894 125.425
89.8945 1.73343 125.335
88.5865 1.73793 125.238
86.5156 1.74242 125.155
85.8317 1.74692 125.041
85.0072 1.75141 124.93
83.6324 1.7559 124.828
81.8551 1.76039 124.732
80.0285 1.76488 124.632
78.7416 1.76936 124.522
77.1981 1.77385 124.414
76.0237 1.77833 124.298
74.8019 1.78281 124.181
72.0963 1.78729 124.073
70.2047 1.79177 123.952
69.1305 1.79625 123.825
68.1689 1.8006 123.7
66.8275 1.80508 123.568
65.6848 1.80955 123.434
64.9007 1.81402 123.3
63.4732 1.81849 123.16
62.5802 1.82295 123.021
61.1491 1.82742 122.873
58.8778 1.83187 122.709
53.8621 1.83634 122.465
51.2603 1.8408 122.247
49.0628 1.84526 122.024
45.5344 1.84971 121.713
39.1669 1.85416 121.12
33.1843 1.85861 120.323
29.6613 1.86306 119.643
25.871 1.8675 118.741
18.5383 1.87194 116.269
