3.494	287.162
3.48963	286.685
3.48462	286.188
3.47962	285.545
3.47463	285.015
3.46963	284.466
3.46462	283.999
3.45962	283.568
3.45463	283.101
3.44963	282.618
3.44462	282.261
3.43962	282.019
3.4345	281.899
3.4295	281.731
3.4245	281.772
3.4195	281.5
3.4145	281.607
3.4095	281.618
3.4045	281.555
3.3995	281.676
3.3945	281.44
3.3895	281.676
3.3845	281.525
3.3795	281.698
3.3745	281.66
3.3695	281.901
3.3645	281.978
3.3595	281.962
3.3545	281.997
3.3495	281.926
3.3445	282.052
3.3395	282.08
3.3345	282.198
3.3295	282.201
3.3245	282.228
3.3195	282.327
3.3145	282.324
3.3095	282.45
3.3045	282.492
3.2995	282.541
3.2945	282.494
3.2895	282.417
3.2845	282.53
3.2795	282.604
3.2745	282.558
3.2695	282.514
3.2645	282.516
3.2595	282.563
3.2545	282.621
3.2495	282.728
3.2445	282.593
3.2395	282.763
3.2345	282.725
3.2295	282.728
3.2245	282.645
3.2195	282.593
3.2145	282.659
3.2095	282.665
3.2045	282.651
3.1995	282.382
3.1945	282.714
3.1895	282.601
3.1845	282.676
3.17963	282.648
3.1745	282.541
3.16962	282.621
3.16463	282.486
3.15963	282.332
3.15462	282.483
3.14962	282.294
3.14463	282.363
3.13963	282.104
3.13463	282.041
3.12962	282.061
3.12462	282.173
3.11963	282.055
3.11463	281.813
3.10962	281.904
3.10462	281.715
3.09963	281.761
3.09463	281.635
3.08975	281.423
3.08462	281.555
3.07975	281.52
3.07463	281.415
3.06975	281.33
3.06475	281.41
3.05975	281.006
3.05475	281.231
3.04975	280.745
3.04462	280.979
3.03975	280.855
3.03463	280.699
3.02975	280.811
3.02462	280.418
3.01963	280.523
3.01463	280.029
3.00963	280.037
3.00462	280.144
2.99962	279.965
2.99463	280.081
2.98963	279.899
2.98462	279.875
2.97962	279.924
2.97463	279.677
2.96963	279.614
2.96462	279.589
2.95962	279.757
2.95463	279.556
2.94963	279.375
2.94462	279.197
2.93962	279.21
2.9345	279.1
2.92963	279.043
2.9245	278.919
2.9195	279.051
2.9145	278.96
2.9095	278.543
2.9045	278.417
2.8995	278.609
2.8945	278.384
2.8895	278.384
2.8845	278.277
2.8795	277.843
2.8745	278.005
2.8695	278.104
2.8645	278.068
2.8595	278.15
2.8545	277.837
2.8495	277.782
2.8445	277.241
2.8395	277.678
2.8345	277.859
2.8295	277.835
2.8245	277.953
2.8195	277.489
2.8145	277.491
2.8095	277.631
2.8045	277.42
2.7995	277.563
2.7945	277.428
2.7895	277.642
2.7845	277.247
2.7795	277.197
2.7745	277.417
2.7695	277.332
2.7645	277.005
2.7595	277.626
2.7545	276.898
2.7495	277.09
2.7445	277.351
2.7395	277.195
2.7345	277.272
2.7295	277.06
2.7245	277.283
2.7195	277.299
2.7145	277.233
2.7095	276.95
2.7045	277.192
2.6995	277.294
2.6945	277.019
2.6895	277.563
2.6845	277.145
2.6795	276.961
2.6745	277.148
2.66962	277.143
2.66463	277.368
2.65963	277.272
2.65462	277.143
2.64962	277.197
2.64463	277.074
2.63963	277.233
2.63463	277.206
2.62962	277.159
2.62462	277.027
2.61963	276.961
2.61463	276.904
2.60962	276.882
2.60462	276.882
2.59963	277.002
2.59463	277.038
2.58975	276.994
2.58462	276.901
2.57975	276.843
2.57463	277.085
2.56975	277.156
2.56462	277.027
2.55975	277.348
2.55475	276.81
2.54975	277.033
2.54462	277.239
2.53975	276.917
2.53463	277.178
2.52962	277.107
2.52462	276.519
2.51963	277.195
2.51463	277.239
2.50963	276.854
2.50462	277.06
2.49962	276.786
2.49463	276.717
2.48963	277.225
2.48462	277.324
2.47962	276.857
2.47463	276.533
2.46963	276.659
2.46462	276.827
2.45962	276.893
2.45463	276.659
2.44963	276.503
2.44462	276.975
2.43962	276.621
2.4345	276.703
2.4295	276.637
2.4245	276.912
2.4195	276.827
2.4145	276.514
2.4095	276.673
2.4045	276.593
2.3995	276.909
2.3945	276.646
2.3895	276.58
2.3845	276.505
2.3795	276.549
2.3745	276.703
2.3695	276.714
2.3645	276.508
2.3595	276.64
2.3545	276.629
2.3495	276.769
2.3445	276.448
2.3395	276.349
2.3345	276.253
2.3295	276.187
2.3245	276.53
2.3195	276.434
2.3145	276.478
2.3095	276.374
2.3045	276.651
2.2995	276.739
2.2945	276.258
2.2895	276.423
2.2845	276.448
2.2795	276.464
2.2745	276.478
2.2695	276.28
2.2645	276.516
2.2595	276.514
2.2545	276.893
2.2495	276.637
2.2445	276.599
2.2395	277.953
2.2345	277.821
2.2295	277.848
2.2245	277.892
2.2195	277.955
2.2145	277.966
2.2095	277.914
2.2045	277.906
2.1995	277.972
2.1945	277.95
2.1895	278.002
2.1845	278.076
2.1795	278.013
2.1745	278.008
2.16962	278.076
2.16463	278.139
2.15963	278.131
2.15462	278.093
2.14962	278.17
2.14463	278.164
2.13963	278.194
2.13463	278.312
2.12962	278.244
2.12462	278.29
2.11963	278.348
2.11463	278.304
2.10962	278.315
2.10462	278.381
2.09963	278.386
2.09463	278.461
2.08975	278.428
2.08462	278.48
2.07975	278.521
2.07463	278.554
2.06975	278.554
2.06462	278.51
2.05975	278.617
2.05475	278.664
2.04975	278.669
2.04462	278.708
2.03975	278.741
2.03463	278.853
2.02962	278.807
2.02462	278.914
2.01963	278.925
2.01463	278.955
2.00963	279.111
2.00462	279.051
1.99962	279.191
1.99463	279.293
1.98962	279.372
1.98463	279.386
1.97962	279.471
1.97463	279.622
1.96962	279.694
1.96463	279.806
1.95962	279.932
1.95463	279.91
1.94962	280.114
1.94463	280.185
1.93962	280.32
1.9345	280.394
1.9295	280.537
1.9245	280.712
1.9195	280.891
1.9145	280.99
1.9095	281.105
1.9045	281.314
1.8995	281.522
1.8945	281.769
1.8895	281.97
1.8845	282.173
1.8795	282.407
1.8745	282.676
1.8695	282.827
1.8645	283.14
1.8595	283.53
1.8545	283.708
1.8495	283.996
1.8445	284.395
1.8395	284.774
1.8345	285.037
1.8295	285.487
1.8245	285.935
1.8195	286.163
1.8145	286.646
1.8095	287.05
1.8045	287.39
1.7995	287.879
1.7945	288.393
1.7895	288.711
1.7845	289.252
1.7795	289.859
1.7745	290.408
1.7695	291.021
1.7645	291.616
1.7595	292.155
1.7545	292.712
1.7495	293.19
1.7445	293.791
1.7395	294.406
1.7345	295.021
1.7295	295.576
1.7245	296.268
1.7195	296.971
1.7145	297.517
1.7095	298.223
1.7045	298.956
1.6995	299.673
1.6945	300.313
1.6895	300.994
1.6845	301.727
1.6795	302.501
1.6745	303.16
1.66962	303.937
1.66463	304.706
1.65962	305.577
1.65463	306.332
1.64962	307.227
1.64463	308.054
1.63963	308.773
1.63462	309.803
1.62963	310.635
1.62462	311.552
1.61963	312.409
1.61462	313.304
1.60963	314.27
1.60462	315.146
1.59963	316.165
1.59462	317.055
1.58975	317.947
1.58462	319.084
1.57975	320.171
1.57462	321.133
1.56975	322.055
1.56475	323.063
1.55975	324.153
1.55475	325.191
1.54975	326.221
1.54462	327.036
1.53975	328.126
1.53462	328.945
1.52975	330.093
1.52462	331.328
1.51963	332.575
1.51463	333.682
1.50962	335.057
1.50463	336.285
1.49962	337.562
1.49463	338.844
1.48962	340.255
1.48463	341.491
1.47962	342.798
1.47463	344.144
1.46962	345.42
1.46463	346.986
1.45962	348.323
1.45463	349.792
1.44962	351.044
1.44463	352.48
1.43962	353.839
1.4345	355.215
1.4295	356.657
1.4245	358.044
1.4195	359.436
1.4145	360.847
1.4095	362.245
1.4045	363.67
1.3995	365.18
1.3945	366.641
1.3895	368.239
1.3845	369.755
1.3795	371.304
1.3745	372.822
1.3695	374.462
1.3645	376.073
1.3595	377.658
1.3545	379.341
1.3495	380.953
1.3445	382.691
1.3395	384.421
1.3345	386.107
1.3295	387.68
1.3245	389.273
1.3195	390.945
1.3145	392.667
1.3095	394.46
1.3045	396.193
1.2995	398.159
1.2945	399.883
1.2895	401.479
1.2845	403.283
1.2795	404.983
1.2745	406.886
1.2695	408.53
1.2645	410.472
1.2595	412.128
1.2545	414.069
1.2495	415.983
1.2445	417.869
1.2395	419.885
1.2345	421.659
1.2295	423.564
1.2245	425.382
1.2195	427.219
1.2145	429.122
1.2095	431.011
1.2045	432.939
1.1995	434.82
1.1945	436.794
1.1895	438.53
1.1845	440.257
1.1795	442.127
1.1745	443.909
1.16962	445.507
1.16463	447.202
1.15962	449.107
1.15463	450.689
1.14962	452.169
1.14463	453.995
1.13963	455.703
1.13462	457.136
1.12963	458.88
1.12462	460.615
1.11963	462.104
1.11462	463.768
1.10963	465.275
1.10462	466.97
1.09963	468.444
1.09462	469.982
1.08975	471.407
1.08462	473.016
1.07975	474.776
1.07462	476.534
1.06975	478.261
1.06462	480.164
1.05975	481.616
1.05462	483.146
1.04975	484.972
1.04462	486.543
1.03975	488.034
1.03462	489.692
1.02963	491.441
1.02462	493.009
1.01963	494.794
1.01463	496.576
1.00962	498.128
1.00463	499.976
0.999625	501.481
0.994625	503.128
0.989625	505.05
0.984625	506.643
0.979625	508.639
0.974625	510.284
0.969625	512.074
0.964625	513.87
0.959625	515.716
0.954625	517.608
0.949625	519.401
0.944625	521.273
0.939625	522.981
0.9345	524.945
0.9295	526.839
0.9245	528.709
0.9195	530.579
0.9145	532.411
0.9095	534.281
0.9045	536.129
0.8995	538.106
0.8945	540.025
0.8895	541.81
0.8845	543.672
0.8795	545.591
0.8745	547.434
0.8695	549.441
0.8645	551.1
0.8595	553.233
0.8545	554.771
0.8495	556.891
0.8445	558.802
0.8395	561.04
0.8345	562.828
0.8295	564.827
0.8245	566.826
0.8195	568.677
0.8145	570.453
0.8095	572.37
0.8045	574.723
0.7995	576.277
0.7945	578.416
0.7895	580.339
0.7845	582.112
0.7795	584.304
0.7745	586.102
0.7695	587.959
0.7645	589.823
0.7595	591.635
0.7545	593.612
0.7495	595.268
0.7445	597.034
0.7395	598.769
0.7345	600.184
0.7295	602.141
0.7245	603.605
0.7195	605.329
0.7145	607.191
0.7095	608.421
0.7045	610.72
0.6995	612.315
0.6945	613.674
0.6895	615.056
0.6845	617.392
0.6795	618.776
0.6745	620.589
0.669625	622.275
0.664625	624.254
0.659625	625.861
0.654625	627.508
0.649625	629.993
0.644625	631.803
0.639625	633.072
0.634625	634.719
0.629625	637.07
0.624625	638.712
0.619625	640.675
0.614625	642.446
0.609625	643.808
0.604625	645.439
0.599625	647.609
0.594625	648.971
0.58975	649.783
0.584625	651.964
0.57975	653.735
0.574625	655.616
0.56975	657.439
0.564625	658.787
0.55975	660.358
0.55475	662.085
0.54975	663.244
0.544625	665.089
0.53975	666.767
0.534625	667.844
0.529625	669.282
0.524625	670.752
0.519625	672.542
0.514625	674.005
0.509625	675.06
0.504625	676.34
0.499625	677.77
0.494625	679.511
0.489625	680.843
0.484625	682.208
0.479625	683.666
0.474625	685.624
0.469625	686.736
0.464625	687.991
0.459625	689.597
0.454625	690.866
0.449625	692.153
0.444625	693.018
0.439625	695.031
0.4345	695.624
0.4295	697.288
0.4245	699.491
0.4195	700.273
0.4145	701.33
0.4095	703.321
0.4045	704.45
0.3995	706.567
0.3945	708.591
0.3895	710.057
0.3845	712.199
0.3795	714.445
0.3745	715.326
0.3695	716.633
0.3645	717.556
0.3595	718.146
0.3545	722.161
0.3495	722.252
0.3445	724.58
0.3395	727.656
0.3345	728.496
0.3295	730.745
0.3245	730.588
0.3195	733.384
0.3145	735.638
0.3095	738.628
0.3045	739.381
0.2995	739.175
0.2945	743.113
0.2895	743.689
0.2845	746.056
0.2795	749.305
0.2745	751.026
0.2695	752.482
0.2645	755
0.2595	757.199
0.2545	758.235
0.2495	760.486
0.2445	760.494
0.2395	763.26
0.2345	764.542
0.2295	766.868
0.2245	770.657
0.2195	771.841
0.2145	773.238
0.2095	774.658
0.2045	776.533
0.1995	779.282
0.1945	780.545
0.1895	780.169
0.1845	781.817
0.1795	784.601
0.1745	785.666
0.169625	786.49
0.164625	791.488
0.159625	789.503
0.154625	793.092
0.149625	793.951
0.144625	795.297
0.139625	797.795
0.134625	799.66
0.129625	798.765
0.124625	800.615
0.119625	804.515
0.114625	805.868
0.109625	807.845
0.104625	807.653
0.099625	823.225
0.094625	824.999
0.08975	826.856
0.084625	828.682
0.07975	830.867
0.074625	831.653
0.06975	833.284
0.064625	836.071
0.05975	837.265
0.05475	839.965
0.04975	842.03
0.044625	843.721
0.03975	845.849
0.034625	847.283
0.029625	849.235
0.024625	850.773
0.019625	851.838
0.014625	852.873
0.009625	855.224
0.004625	857.234
-0.000375	858.385
