-1.85	826.045
-1.84525	826.045
-1.84013	826.045
-1.83525	826.045
-1.83013	826.045
-1.82525	826.045
-1.82012	826.045
-1.81513	826.045
-1.81012	826.045
-1.80513	826.045
-1.80012	826.045
-1.79513	826.045
-1.79025	826.045
-1.78525	826.045
-1.78025	826.045
-1.77525	826.045
-1.77025	826.045
-1.76525	826.045
-1.76025	826.045
-1.75525	826.045
-1.75012	826.045
-1.74513	826.045
-1.74012	826.045
-1.73513	826.045
-1.73012	826.045
-1.72513	826.045
-1.72012	826.045
-1.71513	826.045
-1.71012	826.045
-1.70513	826.045
-1.70013	826.045
-1.69512	826.045
-1.69013	826.045
-1.68512	826.045
-1.68	826.045
-1.675	826.045
-1.67	826.045
-1.66512	826.045
-1.66013	826.045
-1.65512	826.045
-1.65013	826.045
-1.64512	826.045
-1.64013	826.045
-1.63512	826.045
-1.63013	826.045
-1.62512	826.045
-1.62013	826.045
-1.61512	826.045
-1.61013	826.045
-1.60512	826.045
-1.60013	826.045
-1.59512	826.045
-1.59013	826.045
-1.58525	826.045
-1.58013	826.045
-1.57525	826.045
-1.57025	826.045
-1.56525	826.045
-1.56025	826.045
-1.55525	826.045
-1.55025	826.045
-1.54525	826.045
-1.54025	826.045
-1.53525	826.045
-1.53025	826.045
-1.52525	826.045
-1.52025	826.045
-1.51525	826.045
-1.51025	826.045
-1.50525	826.045
-1.50025	826.045
-1.49525	826.045
-1.49025	826.045
-1.48525	826.045
-1.48025	826.045
-1.47525	826.045
-1.47025	826.045
-1.46525	826.045
-1.46025	826.045
-1.45525	826.045
-1.45025	826.045
-1.44525	826.045
-1.44025	826.045
-1.43525	826.045
-1.43025	826.045
-1.42525	826.045
-1.42025	826.045
-1.41525	826.045
-1.41025	826.045
-1.40525	826.045
-1.40025	826.045
-1.39525	826.045
-1.39025	826.045
-1.38525	826.045
-1.38025	826.045
-1.37525	826.045
-1.37025	826.045
-1.36525	826.045
-1.36025	826.045
-1.35525	826.045
-1.35025	826.045
-1.34525	826.045
-1.34025	826.045
-1.33525	826.045
-1.33025	826.045
-1.32525	826.045
-1.32025	826.045
-1.31525	826.045
-1.31025	826.045
-1.30525	826.045
-1.30025	826.045
-1.29525	826.045
-1.29025	826.045
-1.28525	826.045
-1.28025	826.045
-1.27525	826.045
-1.27025	826.045
-1.26525	826.045
-1.26025	826.045
-1.25525	826.045
-1.25025	826.045
-1.24525	826.045
-1.24025	826.045
-1.23525	826.045
-1.23025	826.045
-1.22525	826.045
-1.22025	826.045
-1.21525	826.045
-1.21025	826.045
-1.20513	826.045
-1.20013	826.045
-1.19512	826.045
-1.19013	826.045
-1.18512	826.045
-1.18013	826.045
-1.17512	826.045
-1.17512	829.885
-1.17013	829.885
-1.16512	829.885
-1.16013	829.885
-1.15512	829.885
-1.15013	829.885
-1.14512	829.885
-1.14013	829.885
-1.13512	829.885
-1.13013	829.885
-1.12525	829.885
-1.12025	829.885
-1.11525	829.885
-1.11025	831.317
-1.10025	830.978
-1.09525	831.317
-1.09025	831.317
-1.08525	831.317
-1.08025	831.317
-1.07525	831.317
-1.07025	831.317
-1.06525	831.317
-1.06025	831.317
-1.05525	831.317
-1.05038	831.317
-1.04537	831.317
-1.04038	831.317
-1.03537	831.317
-1.03038	831.317
-1.02537	831.317
-1.02038	831.317
-1.01537	831.317
-1.01038	831.317
-1.00537	831.317
-1.00038	831.317
-0.995375	831.317
-0.990375	831.317
-0.985375	831.317
-0.980375	831.317
-0.975375	831.317
-0.970375	831.317
-0.965375	831.317
-0.960375	831.317
-0.955375	831.317
-0.950375	831.317
-0.945375	831.317
-0.940375	831.317
-0.935375	831.317
-0.930375	831.317
-0.925375	831.317
-0.920375	831.317
-0.915375	831.317
-0.910375	831.317
-0.900375	831.317
-0.895375	831.317
-0.890375	831.317
-0.885375	831.317
-0.880375	831.317
-0.875375	831.317
-0.870375	831.317
-0.865375	831.317
-0.860375	831.317
-0.855375	831.317
-0.850375	831.317
-0.845375	831.317
-0.840375	831.317
-0.835375	831.317
-0.830375	831.317
-0.825375	831.317
-0.820375	831.317
-0.815375	831.317
-0.810375	831.317
-0.805375	831.317
-0.800375	831.317
-0.795375	831.317
-0.790375	831.317
-0.785375	831.317
-0.780375	831.317
-0.775375	831.317
-0.770375	831.317
-0.765375	831.317
-0.760375	831.317
-0.755375	831.317
-0.750375	831.317
-0.74525	831.317
-0.74025	831.317
-0.73525	831.317
-0.73025	831.317
-0.72025	831.317
-0.71525	831.317
-0.71025	831.317
-0.70525	831.317
-0.70025	831.317
-0.69525	831.317
-0.69025	831.317
-0.68525	831.317
-0.680125	831.317
-0.67525	831.317
-0.680125	830.286
-0.67525	830.286
-0.670125	830.286
-0.66525	830.286
-0.66025	830.286
-0.65525	830.286
-0.65025	830.286
-0.64525	830.286
-0.64025	830.286
-0.63525	830.286
-0.63025	830.286
-0.62525	830.286
-0.62025	830.286
-0.61525	830.286
-0.61025	830.286
-0.60525	830.286
-0.60025	830.286
-0.59525	830.286
-0.59025	830.286
-0.585375	830.286
-0.58025	830.286
-0.575375	830.286
-0.570375	830.286
-0.565375	830.286
-0.560375	830.286
-0.555375	830.286
-0.550375	830.286
-0.545375	830.286
-0.540375	830.286
-0.535375	830.286
-0.530375	830.286
-0.525375	830.286
-0.520375	830.286
-0.515375	830.286
-0.510375	830.286
-0.505375	830.286
-0.500375	830.286
-0.495375	830.286
-0.490375	830.286
-0.485375	830.286
-0.480375	830.286
-0.475375	830.286
-0.470375	830.286
-0.465375	830.286
-0.460375	830.286
-0.455375	830.286
-0.450375	830.286
-0.445375	830.286
-0.440375	830.286
-0.435375	830.286
-0.430375	830.286
-0.425375	830.286
-0.420375	830.286
-0.415375	830.286
-0.410375	830.286
-0.405375	830.286
-0.400375	830.286
-0.395375	830.286
-0.390375	830.286
-0.270375	768.773
-0.260375	768.773
-0.255375	768.773
-0.250375	768.773
-0.24525	768.773
-0.24025	768.773
-0.23525	770.149
-0.23025	770.149
-0.22525	770.149
-0.21525	770.149
-0.21025	760.44
-0.19525	746.94
-0.19025	741.6
-0.18525	737.576
-0.180125	732.137
-0.17525	729.492
-0.16525	722.928
-0.16025	722.928
-0.15525	722.928
-0.14025	714.961
-0.13525	710.875
-0.11525	703.017
-0.10525	699.195
-0.08025	695.19
-0.055375	695.19
-0.015375	689.949
0.049625	646.696
0.079625	632.839
0.174625	580.57
0.239625	556.998
0.36975	513.587
0.38975	507.098
0.424625	495.889
0.539625	443.577
0.714625	370.859
0.78975	336.622
0.899625	289.349
0.934625	266.404
1.0345	233.556
1.14463	167.333
