0	63.2758
-0.005	64.7941
-0.01	68.2404
-0.015	68.4733
-0.02	71.4632
-0.025	73.2143
-0.03	74.5245
-0.035	77.3282
-0.04	79.2438
-0.045	82.271
-0.05	83.131
-0.055	84.1898
-0.06	85.8539
-0.065	88.8532
-0.07	90.2721
-0.075	91.07
-0.08	93.3769
-0.085	97.0902
-0.09	97.8633
-0.094875	99.8845
-0.1	101.927
-0.104875	104.045
-0.11	104.955
-0.114875	107.867
-0.12	108.786
-0.124875	109.124
-0.129875	112.673
-0.134875	114.092
-0.139875	115.707
-0.144875	116.402
-0.149875	120.084
-0.154875	123.385
-0.159875	124.577
-0.164875	128.651
-0.169875	130.271
-0.174875	131.169
-0.179875	134.199
-0.184875	134.581
-0.19	135.745
-0.194875	138.626
-0.2	139.89
-0.204875	141.203
-0.21	143.125
-0.215	146.534
-0.22	149.04
-0.225	151.396
-0.23	152.526
-0.235	156.15
-0.24	159.062
-0.245	159.223
-0.25	161.748
-0.255	160.953
-0.26	165.272
-0.265	165.2
-0.27	169.181
-0.275	170.804
-0.28	176.263
-0.285	175.359
-0.29	177.927
-0.295	182.826
-0.300125	181.789
-0.305	183.13
-0.310125	185.301
-0.315	184.916
-0.320125	187.365
-0.325	190.551
-0.330125	193.696
-0.335	197.683
-0.340125	199.483
-0.345	200.21
-0.350125	204.001
-0.355	205.187
-0.360125	207.512
-0.365	209.782
-0.370125	210.471
-0.375	212.415
-0.380125	214.666
-0.385	216.072
-0.390125	215.768
-0.395	219.702
-0.400125	221.776
-0.405125	225.731
-0.410125	227.594
-0.415125	227.709
-0.420125	229.997
-0.425125	227.641
-0.430125	231.475
-0.435125	235.983
-0.440125	235.515
-0.445125	236.847
-0.450125	238.089
-0.455	238.489
-0.460125	239.275
-0.465	243.047
-0.470125	246.484
-0.475	247.561
-0.480125	249.086
-0.485	249.604
-0.49	251.669
-0.495	255.19
-0.5	255.342
-0.505	257.469
-0.51	260.052
-0.515	259.71
-0.52	263.008
-0.525	262.809
-0.53	266.606
-0.535	268.528
-0.54	270.409
-0.545	271.971
-0.55	272.111
-0.555	275.014
-0.56	278.724
-0.565	282.046
-0.57	286.328
-0.575	289.97
-0.58	292.354
-0.585	293.786
-0.59	296.226
-0.595	298.173
-0.6	298.474
-0.604875	301.218
-0.61	302.004
-0.614875	304.131
-0.62	309.499
-0.624875	310.356
-0.629875	311.778
-0.634875	312.489
-0.639875	314.79
-0.644875	317.404
-0.649875	319.58
-0.654875	320.987
-0.659875	322.325
-0.664875	324.253
-0.669875	324.83
-0.674875	326.83
-0.679875	330.345
-0.684875	330.472
-0.69	332.639
-0.694875	326.895
-0.7	329.568
-0.704875	332.179
-0.71	333.244
-0.715	335.511
-0.72	336.585
-0.725	338.644
-0.73	340.606
-0.735	341.034
-0.74	344.658
-0.745	347.123
-0.75	348.278
-0.755	350.774
-0.76	353.149
-0.765	354.357
-0.77	355.531
-0.775	357.878
-0.78	359.148
-0.785	360.349
-0.79	361.728
-0.795	363.74
-0.800125	366.835
-0.805	369.751
-0.810125	371.669
-0.815	377.513
-0.820125	380.645
-0.825	383.194
-0.830125	386.361
-0.835	389.814
-0.840125	395.213
-0.845	397.79
-0.850125	399.423
-0.855	399.743
-0.860125	401.829
-0.865	404.58
-0.870125	406.937
-0.875	410.185
-0.880125	410.504
-0.885	413.845
-0.890125	416.121
-0.895	417.925
-0.900125	419.604
-0.905125	421.253
-0.910125	423.392
-0.915	424.594
-0.920125	426.609
-0.925125	428.49
-0.930125	430.515
-0.935125	432.732
-0.940125	433.005
-0.945125	435.321
-0.950125	436.684
-0.955	440.376
-0.960125	442.093
-0.965	444.204
-0.970125	445.644
-0.975	445.859
-0.980125	447.805
-0.985	450.302
-0.99	452.304
-0.995	454.009
-1	456.831
-1.005	457.762
-1.01	460.091
-1.015	463.811
-1.02	466.251
-1.025	468.797
-1.03	471.153
-1.035	472.29
-1.04	474.504
-1.045	477.695
-1.05	480.462
-1.055	484.47
-1.06	487.472
-1.065	489.922
-1.07	492.067
-1.075	493.322
-1.08	496.582
-1.085	499.727
-1.09	500.637
-1.09488	502.403
-1.1	504.375
-1.10488	506.551
-1.11	508.101
-1.11488	509.169
-1.11987	510.78
-1.12488	512.658
-1.12987	515.195
-1.13488	518.135
-1.13987	521.284
-1.14488	523.594
-1.14987	524.95
-1.15488	527.673
-1.15987	529.446
-1.16488	531.008
-1.16987	534.082
-1.17487	536.513
-1.17988	537.888
-1.18487	540.089
-1.19	541.477
-1.19487	543.144
-1.2	545.271
-1.20487	546.352
-1.21	548.401
-1.215	549.761
-1.22	551.586
-1.225	553.648
-1.23	555.613
-1.235	556.666
-1.24	558.637
-1.245	559.743
-1.25	562.633
-1.255	564.816
-1.26	566.285
-1.265	568.25
-1.27	570.889
-1.275	574.183
-1.28	576.589
-1.285	579.362
-1.29	581.948
-1.295	584.072
-1.30012	586.326
-1.305	590.257
-1.31012	593.268
-1.315	596.572
-1.32012	598.606
-1.325	603.073
-1.33013	604.644
-1.335	608.14
-1.34013	609.954
-1.345	612.512
-1.35013	615.365
-1.355	618.436
-1.36013	621.774
-1.365	624.034
-1.37013	626.906
-1.375	628.613
-1.38013	631.069
-1.385	633.302
-1.39013	636.394
-1.395	639.524
-1.40013	640.921
-1.40512	643.004
-1.41013	645.01
-1.415	646.848
-1.42013	648.792
-1.42512	650.689
-1.43013	652.949
-1.43512	655.392
-1.44013	657.125
-1.44512	659.239
-1.45013	660.863
-1.455	662.844
-1.46012	664.638
-1.465	666.598
-1.47012	668.609
-1.475	669.994
-1.48012	671.323
-1.485	673.372
-1.49	675.036
-1.495	676.648
-1.5	679.038
-1.505	681.265
-1.51	683.103
-1.515	685.288
-1.52	687.223
-1.525	689.89
-1.53	690.924
-1.535	693.963
-1.54	696.255
-1.545	698.605
-1.55	700.539
-1.555	702.641
-1.56	703.948
-1.565	705.699
-1.57	708.326
-1.575	710.844
-1.58	713.846
-1.585	716.473
-1.59	717.554
-1.595	719.339
-1.6	721.767
-1.60488	722.937
-1.61	726.082
-1.61488	728.523
-1.62	730.153
-1.62488	732.503
-1.62987	734.084
-1.63488	736.788
-1.63987	740.489
-1.64488	742.597
-1.64987	744.935
-1.65488	747.288
-1.65987	748.518
-1.66488	752.573
-1.66987	754.429
-1.67487	756.572
-1.67988	760.297
-1.68487	762.874
-1.69	765.867
-1.69487	767.578
-1.7	769.658
-1.70487	770.807
-1.71	772.54
-1.715	774.545
-1.72	776.604
-1.725	777.473
-1.73	781.37
-1.735	782.813
-1.74	785.629
-1.745	788.048
-1.75	789.383
-1.755	791.907
-1.76	794.456
-1.765	795.835
-1.77	797.723
-1.78	802.712
-1.785	805.556
-1.79	809.179
-1.795	811.905
-1.80012	815.063
