51.1794	0
52.2834	-0.00075
53.1572	-0.002125
53.6863	-0.002875
54.052	-0.004
54.154	-0.005
54.5038	-0.00575
54.4317	-0.007125
54.6954	-0.007875
54.6656	-0.009
54.5812	-0.01
55.1771	-0.01075
54.328	-0.012125
55.4391	-0.012875
55.7309	-0.014
55.8979	-0.015
56.7435	-0.01575
57.0195	-0.017125
56.6117	-0.017875
56.8103	-0.019
56.8842	-0.02
56.7752	-0.02075
57.1866	-0.022125
57.3711	-0.022875
57.2956	-0.024
57.4889	-0.025
57.1883	-0.02575
57.6964	-0.027125
59.1661	-0.027875
59.2346	-0.029
59.741	-0.03
59.7867	-0.03075
59.9343	-0.032125
60.0679	-0.032875
60.2877	-0.034
61.3531	-0.035
61.7662	-0.03575
61.9402	-0.037125
62.0053	-0.037875
62.8368	-0.039
63.4838	-0.04
63.9637	-0.04075
64.3311	-0.042125
64.3241	-0.042875
64.4454	-0.044
64.5491	-0.045
64.4894	-0.045875
64.4946	-0.047125
64.572	-0.047875
65.117	-0.049
65.4334	-0.05
65.7042	-0.05075
65.887	-0.052125
65.945	-0.052875
66.1542	-0.054
66.2105	-0.055
66.4074	-0.055875
66.4601	-0.057125
66.49	-0.057875
67.0578	-0.059
68.677	-0.06
69.1587	-0.06075
69.5384	-0.062125
70.1133	-0.062875
70.3242	-0.064
70.7374	-0.065
71.1839	-0.065875
71.5496	-0.067125
72.2018	-0.067875
72.5182	-0.069
72.6044	-0.07
72.8417	-0.07075
72.8364	-0.072125
73.0949	-0.072875
73.3041	-0.074
73.2636	-0.075
74.5171	-0.075875
74.1356	-0.077125
75.5262	-0.077875
75.5244	-0.079
75.7495	-0.08
75.0041	-0.08075
75.0902	-0.082125
75.0076	-0.082875
76.5371	-0.084
76.4579	-0.085
76.9185	-0.085875
76.6074	-0.087125
76.7621	-0.087875
76.9256	-0.089
77.3721	-0.09
78.9684	-0.09075
78.7434	-0.092125
79.5679	-0.092875
79.2813	-0.094
80.148	-0.095
80.3238	-0.09575
80.461	-0.097125
80.3555	-0.097875
81.4507	-0.099
81.6072	-0.1
81.6476	-0.10075
82.0168	-0.102125
81.6968	-0.102875
82.3842	-0.104
83.8504	-0.105
84.7066	-0.10575
84.9123	-0.107125
84.8138	-0.107875
84.6872	-0.109
84.9738	-0.11
85.0775	-0.11075
85.3939	-0.112125
85.7473	-0.112875
85.7139	-0.114
85.9354	-0.115
85.5363	-0.11575
85.9917	-0.117125
85.9882	-0.117875
87.4719	-0.119
87.4086	-0.12
88.0978	-0.12075
88.5496	-0.122125
88.5689	-0.12275
89.2282	-0.127875
90.5238	-0.132875
92.099	-0.137875
92.753	-0.142875
94.1752	-0.147875
95.7469	-0.152875
97.526	-0.157875
99.4212	-0.16275
100.849	-0.16775
102.164	-0.17275
103.415	-0.17775
105.592	-0.18275
106.265	-0.18775
110.01	-0.19275
111.485	-0.19775
114.783	-0.20275
117.276	-0.20775
119.257	-0.21275
120.523	-0.21775
123.174	-0.22275
124.587	-0.22775
127.047	-0.23275
127.671	-0.23775
129.297	-0.24275
130.716	-0.24775
131.66	-0.25275
133.775	-0.25775
134.437	-0.262625
135.246	-0.26775
137.428	-0.272625
139.395	-0.27775
141.976	-0.282625
144.115	-0.287625
145.353	-0.292625
147.216	-0.297625
150.275	-0.302625
150.743	-0.307625
152.768	-0.312625
154.757	-0.31775
157.313	-0.322625
158.287	-0.32775
159.533	-0.33275
161.233	-0.33775
163.872	-0.34275
165.771	-0.34775
170.227	-0.35275
174.204	-0.35775
174.71	-0.36275
177.226	-0.36775
178.56	-0.37275
180.487	-0.37775
183.635	-0.38275
185.176	-0.38775
186.42	-0.39275
187.881	-0.397875
190.263	-0.40275
191.951	-0.407875
195.351	-0.41275
196.244	-0.417875
197.48	-0.42275
199.454	-0.427875
203.011	-0.432875
203.257	-0.437875
207.207	-0.442875
209.605	-0.447875
211.27	-0.452875
212.191	-0.457875
213.882	-0.462875
215.536	-0.467875
216.799	-0.472875
218.399	-0.477875
219.234	-0.482875
222.264	-0.487875
224.805	-0.492875
226.419	-0.497875
228.129	-0.502875
230.262	-0.507875
232.048	-0.512875
232.842	-0.517875
234.411	-0.522875
234.498	-0.527875
236.144	-0.532875
238.751	-0.537875
241.634	-0.542875
243.192	-0.547875
245.715	-0.552875
246.645	-0.557875
249.194	-0.562875
250.619	-0.567875
252.033	-0.572875
253.037	-0.577875
254.911	-0.582875
257.122	-0.587875
258.708	-0.592875
259.388	-0.597875
260.533	-0.602875
263.597	-0.607875
265.149	-0.612875
267.133	-0.617875
269.409	-0.622875
269.736	-0.627875
271.392	-0.632875
274.17	-0.637875
275.979	-0.642875
278.21	-0.647875
279.957	-0.652875
281.466	-0.657875
283.966	-0.66275
285.85	-0.667875
287.649	-0.67275
289.612	-0.67775
291.95	-0.68275
292.768	-0.68775
294.188	-0.69275
296.85	-0.69775
297.435	-0.70275
300.064	-0.70775
301.361	-0.71275
303.866	-0.71775
304.659	-0.72275
306.605	-0.72775
308.098	-0.73275
311.289	-0.73775
313.388	-0.74275
315.046	-0.74775
315.879	-0.75275
316.417	-0.75775
317.545	-0.762625
320.578	-0.76775
321.397	-0.772625
324.156	-0.77775
326.624	-0.782625
328.514	-0.787625
331.024	-0.792625
335.154	-0.797625
337.311	-0.802625
339.215	-0.807625
340.057	-0.812625
342.921	-0.81775
344.582	-0.82275
346.765	-0.82775
349.156	-0.83275
351.674	-0.83775
353.195	-0.84275
355.338	-0.84775
357.54	-0.85275
358.136	-0.85775
359.81	-0.86275
360.503	-0.86775
363.598	-0.87275
365.121	-0.87775
367.946	-0.88275
369.447	-0.88775
371.06	-0.89275
373.377	-0.89775
375.927	-0.90275
377.518	-0.907875
379.071	-0.91275
383.656	-0.917875
384.77	-0.92275
385.721	-0.927875
388.668	-0.932875
390.777	-0.937875
392.768	-0.942875
394.021	-0.947875
395.742	-0.952875
398.27	-0.957875
400.749	-0.962875
402.185	-0.967875
405.089	-0.972875
407.925	-0.977875
410.321	-0.982875
412.586	-0.987875
413.786	-0.992875
414.929	-0.997875
417.176	-1.00287
418.192	-1.00787
420.564	-1.01287
422.642	-1.01787
423.385	-1.02287
426.428	-1.02787
428.909	-1.03287
431.087	-1.03787
431.727	-1.04287
434.485	-1.04787
436.045	-1.05288
437.845	-1.05788
458.417	-1.12275
458.417	-1.11813
458.417	-1.11312
458.417	-1.10813
458.417	-1.10312
458.417	-1.09813
458.417	-1.09312
458.417	-1.08813
458.417	-1.08312
458.417	-1.07812
458.417	-1.07312
458.417	-1.06812
458.417	-1.06312
458.417	-1.05812
458.417	-1.05313
458.417	-1.04812
458.417	-1.04313
458.417	-1.03812
458.417	-1.03313
458.417	-1.02812
458.417	-1.02313
458.417	-1.02313
458.417	-1.01812
458.417	-1.01812
458.417	-1.01312
458.417	-1.01312
458.417	-1.00812
458.417	-1.00312
458.417	-0.998125
458.417	-0.993125
458.417	-0.988125
458.417	-0.983125
458.417	-0.978125
458.417	-0.973125
458.417	-0.968125
458.417	-0.963125
458.417	-0.958125
458.417	-0.953
458.417	-0.948125
458.417	-0.943
458.417	-0.938125
458.417	-0.933
458.417	-0.928125
458.417	-0.923
458.417	-0.918
458.417	-0.913
458.417	-0.908
458.417	-0.903
458.417	-0.898
458.417	-0.893
458.029	-0.888
458.125	-0.883
458.264	-0.878
458.693	-0.873
458.621	-0.868
458.823	-0.863
460.122	-0.858
460.035	-0.853
460.251	-0.848
460.689	-0.843
461.284	-0.838
461.072	-0.833
461.246	-0.828
460.437	-0.823
462.032	-0.818
462.005	-0.812875
462.603	-0.807875
462.682	-0.802875
463.29	-0.797875
464.22	-0.792875
464.625	-0.787875
464.517	-0.782875
465.428	-0.778
465.831	-0.772875
465.959	-0.768
465.803	-0.762875
466.216	-0.758
466.349	-0.753
465.486	-0.748
465.07	-0.743
465.539	-0.738
465.562	-0.733
466.087	-0.728
463.907	-0.723
463.389	-0.718
463.057	-0.713
462.417	-0.708
463.065	-0.703
463.331	-0.698
463.412	-0.693
461.81	-0.688
462.164	-0.683
462.698	-0.678
462.745	-0.673
462.417	-0.668125
462.817	-0.663125
463.187	-0.658125
461.873	-0.653125
462.091	-0.648125
462.033	-0.643125
462.353	-0.638125
462.186	-0.633125
460.643	-0.628125
461.771	-0.623125
461.764	-0.618125
461.578	-0.613125
461.237	-0.608125
460.82	-0.603125
460.546	-0.598125
459.929	-0.593125
459.716	-0.588125
458.772	-0.583125
459.215	-0.578125
459.491	-0.573125
459.02	-0.568125
460.595	-0.563125
461.2	-0.558125
460.933	-0.553125
461.77	-0.548125
461.866	-0.543125
465.12	-0.538125
462.323	-0.533125
459.941	-0.528125
460.367	-0.523125
463.779	-0.518125
463.067	-0.513125
462.554	-0.508125
462.501	-0.503125
462.373	-0.498125
462.65	-0.493125
463.153	-0.488125
462.837	-0.483125
463.484	-0.478125
463.447	-0.473125
463.623	-0.468125
462.83	-0.463125
463.765	-0.458125
464.718	-0.453125
465.068	-0.448125
466.284	-0.443
463.769	-0.438125
465.419	-0.433
462.891	-0.428125
463.104	-0.423
463.25	-0.418
464.027	-0.413
462.87	-0.408
462.919	-0.403
461.328	-0.398
463.461	-0.393
462.643	-0.388
461.88	-0.383
461.123	-0.378
461.548	-0.373
458.586	-0.368
460.096	-0.363
460.268	-0.358
459.245	-0.353
458.255	-0.348
459.319	-0.343
459.526	-0.338
458.285	-0.333
458.111	-0.328
458.183	-0.322875
457.705	-0.318
458.732	-0.312875
458.451	-0.307875
458.444	-0.302875
458.732	-0.297875
458.737	-0.292875
458.999	-0.287875
458.442	-0.282875
458.767	-0.277875
460.08	-0.272875
459.518	-0.268
458.535	-0.262875
458.89	-0.258
458.96	-0.253
458.779	-0.248
458.422	-0.243
458.345	-0.238
458.769	-0.233
458.67	-0.228
458.069	-0.223
458.438	-0.218
457.881	-0.213
458.155	-0.208
458.589	-0.203
459.303	-0.198
458.291	-0.193
460.339	-0.188
460.288	-0.183
458.771	-0.178
460.636	-0.173
460.022	-0.168125
459.34	-0.163125
458.978	-0.158125
459.277	-0.153125
459.129	-0.148125
459.783	-0.143125
458.825	-0.138125
458.99	-0.133125
459.252	-0.128125
458.82	-0.123125
459.358	-0.118125
459.235	-0.113125
459.291	-0.108125
459.795	-0.103125
459.767	-0.098125
459.679	-0.093125
460.824	-0.088125
460.393	-0.083125
460.302	-0.078125
460.056	-0.073125
459.774	-0.068125
460.253	-0.063125
460.284	-0.058125
458.134	-0.053125
458.551	-0.048125
458.524	-0.043125
459.059	-0.038125
459.175	-0.033125
460.755	-0.028125
457.675	-0.023125
459.655	-0.018125
459.639	-0.013125
460.063	-0.008125
459.593	-0.003125
459.291	0.001875
459.069	0.006875
458.473	0.011875
458.043	0.016875
460.043	0.021875
459.919	0.026875
458.95	0.031875
460.527	0.036875
459.841	0.041875
456.993	0.047
460.107	0.051875
458.486	0.057
458.273	0.061875
459.347	0.067
459.205	0.072
459.37	0.077
459.291	0.082
459.639	0.087
458.521	0.092
459.207	0.097
458.357	0.102
458.83	0.107
457.902	0.112
458.739	0.117
457.45	0.122
457.923	0.127
458.588	0.132
457.208	0.137
458.192	0.142
458.166	0.147
458.015	0.152
457.976	0.157
458.533	0.162
458.301	0.167
458.931	0.172
459.491	0.177125
458.878	0.182
458.681	0.187125
458.946	0.192125
458.901	0.197125
459.027	0.202125
457.962	0.207125
458.227	0.212125
458.825	0.217125
457.631	0.222
457.995	0.227125
457.508	0.232
459.442	0.237125
457.331	0.242
457.322	0.247
456.508	0.252
458.196	0.257
456.71	0.262
458.482	0.267
455.339	0.272
456.615	0.277
455.84	0.282
456.554	0.287
455.562	0.292
455.963	0.297
455.601	0.302
456.313	0.307
455.608	0.312
456.13	0.317
456.184	0.322
456.193	0.327
455.327	0.331875
456.344	0.336875
456.128	0.341875
456.301	0.346875
455.861	0.351875
455.618	0.356875
456.107	0.361875
455.284	0.366875
455.161	0.371875
455.348	0.376875
455.409	0.381875
455.594	0.386875
455.272	0.391875
454.783	0.396875
454.356	0.401875
454.94	0.406875
454.402	0.411875
454.813	0.416875
454.383	0.421875
454.217	0.426875
453.878	0.431875
453.254	0.436875
453.474	0.441875
452.278	0.446875
452.419	0.451875
451.542	0.456875
449.949	0.461875
449.525	0.466875
448.293	0.471875
447.76	0.476875
447.157	0.481875
446.586	0.486875
445.352	0.491875
444.729	0.496875
444.596	0.501875
446.231	0.506875
444.937	0.511875
444.719	0.516875
444.555	0.521875
443.912	0.526875
443.794	0.531875
441.544	0.536875
441.352	0.541875
439.867	0.547
439.206	0.551875
439.03	0.557
437.451	0.561875
438.195	0.567
435.811	0.571875
435.624	0.577
433.503	0.582
433.054	0.587
433.678	0.592
432.191	0.597
431.467	0.602
429.062	0.607
428.524	0.612
426.655	0.617
424.978	0.622
425.646	0.627
426.423	0.632
424.12	0.637
424.415	0.642
424.022	0.647
420.785	0.652
419.669	0.657
420.279	0.662
420.885	0.667
420.609	0.672
419.031	0.677125
416.165	0.682
415.033	0.687125
413.092	0.692125
413.498	0.697125
412.842	0.702125
410.367	0.707125
408.753	0.712125
408.623	0.717125
405.401	0.722
405.434	0.727125
401.835	0.732
403.488	0.737125
401.371	0.742
397.665	0.747
398.824	0.752
394.9	0.757
394.787	0.762
392.017	0.767
390.825	0.772
389.832	0.777
388.068	0.782
388.397	0.787
385.648	0.792
386.349	0.797
381.947	0.802
381.43	0.807
379.291	0.812
377.793	0.817
376.437	0.822
374.924	0.827
374.897	0.831875
371.81	0.836875
369.834	0.841875
369.057	0.846875
366.737	0.851875
366.255	0.856875
366.629	0.861875
363.628	0.866875
362.596	0.871875
361.31	0.876875
361.278	0.881875
358.822	0.886875
355.167	0.891875
355.07	0.896875
352.505	0.901875
349.717	0.906875
348.196	0.911875
346.637	0.916875
344.793	0.921875
342.778	0.926875
341.574	0.931875
339.923	0.936875
338.234	0.941875
337.26	0.946875
336.145	0.951875
334.607	0.956875
332.831	0.961875
332.561	0.966875
330.393	0.971875
328.85	0.976875
327.587	0.981875
323.329	0.986875
319.673	0.991875
315.809	0.996875
313.328	1.00188
312.377	1.00687
310.069	1.01188
309.986	1.01687
310.151	1.02188
307.817	1.02687
307.414	1.03187
306.252	1.03687
305.753	1.04187
303.114	1.047
302.249	1.05187
302.349	1.057
300.465	1.06188
296.977	1.067
294.862	1.072
293.805	1.077
292.648	1.082
291.448	1.087
290.305	1.092
288.83	1.097
287.513	1.102
286.898	1.107
285.657	1.112
283.983	1.117
282.076	1.122
280.764	1.127
280.23	1.132
278.338	1.137
276.369	1.142
275.722	1.147
273.363	1.152
272.322	1.157
270.053	1.162
269.277	1.167
265.353	1.172
264.239	1.17712
262.813	1.182
260.538	1.18712
259.049	1.19213
257.536	1.19712
256.249	1.20213
254.593	1.20713
252.94	1.21213
251.328	1.21713
249.646	1.22213
246.996	1.22713
245.309	1.232
243.294	1.23713
241.71	1.242
239.222	1.247
237.549	1.252
236.17	1.257
233.839	1.262
231.656	1.267
229.687	1.272
228.293	1.277
227.684	1.282
226.408	1.287
223.852	1.292
221.243	1.297
220.155	1.302
217.36	1.307
215.276	1.312
214.714	1.317
212.274	1.322
210.291	1.327
207.293	1.33188
205.403	1.33688
204.174	1.34187
202.708	1.34688
200.658	1.35187
198.524	1.35688
196.476	1.36187
194.804	1.36688
192.856	1.37187
191.735	1.37688
190.548	1.38187
189.416	1.38688
187.626	1.39187
187.686	1.39688
186.012	1.40188
183.284	1.40688
182.153	1.41188
180.455	1.41688
178.892	1.42188
177.057	1.42687
175.353	1.43188
173.397	1.43687
171.785	1.44188
171.122	1.44687
170.041	1.45188
169.111	1.45688
167.891	1.46188
165.461	1.46688
161.745	1.47188
159.461	1.47688
157.666	1.48188
155.838	1.48688
154.168	1.49188
152.439	1.49688
151.724	1.50187
150.114	1.50687
149.317	1.51187
147.345	1.51687
145.657	1.52188
145.072	1.52687
144.363	1.53188
143.623	1.53687
141.999	1.54188
141.065	1.54688
139.85	1.55188
134.931	1.55688
132.79	1.56188
129.019	1.56688
125.575	1.57188
123.638	1.57688
122.346	1.58188
121.839	1.58688
120.451	1.59187
119.925	1.59688
118.139	1.60187
116.919	1.60688
114.412	1.61187
112.796	1.61688
110.905	1.62187
108.496	1.62688
106.075	1.63187
103.86	1.63688
101.009	1.64187
98.8182	1.64688
97.0777	1.65188
95.4428	1.657
94.0715	1.66188
92.6792	1.667
91.4222	1.672
89.8945	1.677
88.5865	1.682
86.5156	1.687
85.8317	1.692
85.0072	1.697
83.6324	1.702
81.8551	1.707
80.0285	1.712
78.7416	1.717
77.1981	1.722
76.0237	1.727
74.8019	1.732
72.0963	1.737
70.2047	1.742
69.1305	1.747
68.1689	1.75187
66.8275	1.75687
65.6848	1.76187
64.9007	1.76687
63.4732	1.77188
62.5802	1.77687
61.1491	1.78188
58.8778	1.78687
53.8621	1.79188
51.2603	1.79688
49.0628	1.80188
45.5344	1.80688
39.1669	1.81188
33.1843	1.81688
29.6613	1.82188
25.871	1.82688
18.5383	1.83188
