#area theta h
397.665 130.153021962537 0.747
398.824 130.007040211772 0.752
394.9 130.143685920337 0.757
394.787 130.068148851627 0.762
392.017 130.1402909959 0.767
390.825 130.125013835937 0.772
389.832 130.098703171554 0.777
388.068 130.114829062627 0.782
388.397 130.015527522863 0.787
385.648 130.085972204918 0.792
386.349 129.966301118535 0.797
381.947 130.128408760373 0.802
381.43 130.075787431609 0.807
379.291 130.1122828693 0.812
377.793 130.113980331518 0.817
376.437 130.107190482645 0.822
374.924 130.109736675973 0.827
374.897 130.031653413936 0.831875
371.81 130.120770180391 0.836875
369.834 130.148778306991 0.841875
369.057 130.110585407082 0.846875
366.737 130.157265618082 0.851875
366.255 130.102098095991 0.856875
366.629 129.99940163179 0.861875
363.628 130.0842747427 0.866875
362.596 130.059661540536 0.871875
361.31 130.048628036118 0.876875
361.278 129.968847311862 0.881875
358.822 130.023166102845 0.886875
355.167 130.142837189228 0.891875
355.07 130.066451389409 0.896875
352.505 130.126711298155 0.901875
349.717 130.198853442428 0.906875
348.196 130.201399635756 0.911875
346.637 130.205643291301 0.916875
344.793 130.22516410681 0.921875
342.778 130.254869695629 0.926875
341.574 130.238743804556 0.931875
339.923 130.248079846756 0.936875
338.234 130.259113351174 0.941875
337.26 130.231105224574 0.946875
336.145 130.210735677956 0.951875
334.607 130.213281871283 0.956875
332.831 130.229407762356 0.961875
332.561 130.162358004737 0.966875
330.393 130.199702173537 0.971875
328.85 130.202248366865 0.976875
327.587 130.190366131337 0.981875
323.329 130.342288999866 0.986875
319.673 130.461960086249 0.991875
315.809 130.591815945942 0.996875
313.328 130.646134736924 1.00188
312.377 130.616429148106 1.00687
310.069 130.661411896888 1.01188
309.986 130.583328634851 1.01687
310.151 130.491665675068 1.02188
307.817 130.537497154959 1.02687
307.414 130.477237246213 1.03187
306.252 130.458565161813 1.03687
305.753 130.403397639722 1.04187
303.114 130.464506279577 1.047
302.249 130.431405766322 1.05187
302.349 130.340591537648 1.057
300.465 130.363507277594 1.06188
296.977 130.47044739734 1.067
294.862 130.504396641704 1.072
293.805 130.478934708431 1.077
292.648 130.460262624031 1.082
291.448 130.443288001849 1.087
290.305 130.422918455231 1.092
288.83 130.421220993013 1.097
287.513 130.410187488594 1.102
286.898 130.360961084266 1.107
285.657 130.345683924303 1.112
283.983 130.355019966503 1.117
282.076 130.37623824423 1.122
280.764 130.364356008703 1.127
280.23 130.31088594883 1.132
278.338 130.331255495448 1.137
276.369 130.355868697612 1.142
275.722 130.307491024393 1.147
273.363 130.353322504285 1.152
272.322 130.327011839902 1.157
270.053 130.367750933139 1.162
269.277 130.326163108793 1.167
265.353 130.456867699595 1.172
264.239 130.432254497431 1.17712
262.813 130.428010841885 1.182
260.538 130.466203741795 1.18712
259.049 130.463657548468 1.19213
257.536 130.462808817359 1.19712
256.249 130.448380388504 1.20213
254.593 130.455170237377 1.20713
252.94 130.46111135514 1.21213
251.328 130.464506279577 1.21713
249.646 130.472144859559 1.22213
246.996 130.531556037196 1.22713
245.309 130.540892079396 1.232
243.294 130.563807819342 1.23713
241.71 130.567202743778 1.242
239.222 130.617277879215 1.247
237.549 130.624067728088 1.252
236.17 130.613882954778 1.257
233.839 130.655470779124 1.262
231.656 130.688571292379 1.267
229.687 130.709789570107 1.272
228.293 130.700453527907 1.277
227.684 130.648680930252 1.282
226.408 130.632555039179 1.287
223.852 130.685176367943 1.292
221.243 130.739495158925 1.297
220.155 130.713184494543 1.302
217.36 130.777688058835 1.307
215.276 130.803149992108 1.312
214.714 130.748831201125 1.317
212.274 130.793813949908 1.322
210.291 130.814183496526 1.327
207.293 130.889720565236 1.33188
205.403 130.904148994091 1.33688
204.174 130.883779447472 1.34187
202.708 130.87614086749 1.34688
200.658 130.899056607436 1.35187
198.524 130.925367271818 1.35688
196.476 130.947434280655 1.36187
194.804 130.949980473982 1.36688
192.856 130.966106365055 1.37187
191.735 130.938946969564 1.37688
190.548 130.915182498509 1.38187
189.416 130.888871834127 1.38688
187.626 130.896510414109 1.39187
187.686 130.807393647653 1.39688
186.012 130.809091109872 1.40188
183.284 130.863409900854 1.40688
182.153 130.836250505363 1.41188
180.455 130.837099236472 1.41688
178.892 130.832006849817 1.42188
177.057 130.839645429799 1.42687
175.353 130.840494160908 1.43188
173.397 130.853225127545 1.43687
171.785 130.848981471999 1.44188
171.122 130.796360143235 1.44687
170.041 130.764957092198 1.45188
169.111 130.72591546118 1.45688
167.891 130.701302259016 1.46188
165.461 130.736100234489 1.46688
161.745 130.833704312035 1.47188
159.461 130.860014976418 1.47688
157.666 130.861712438636 1.48188
155.838 130.865107363072 1.48688
154.168 130.860014976418 1.49188
152.439 130.85746878309 1.49688
151.724 130.804847454326 1.50187
150.114 130.796360143235 1.50687
149.317 130.747982470016 1.51187
147.345 130.754772318889 1.51687
145.657 130.747982470016 1.52188
145.072 130.689420023488 1.52687
144.363 130.635949963615 1.53188
143.623 130.583328634851 1.53687
141.999 130.572295130433 1.54188
141.065 130.529009843868 1.54688
139.85 130.498455523941 1.55188
134.931 130.636798694724 1.55688
132.79 130.646983468033 1.56188
129.019 130.728461654507 1.56688
125.575 130.792965218799 1.57188
123.638 130.789570294362 1.57688
122.346 130.757318512216 1.58188
121.839 130.691117485707 1.58688
120.451 130.662260627997 1.59187
119.925 130.596059601487 1.59688
118.139 130.583328634851 1.60187
116.919 130.545135734941 1.60688
114.412 130.560412894905 1.61187
112.796 130.537497154959 1.61688
110.905 130.524766188323 1.62187
108.496 130.529858574977 1.62688
106.075 130.534950961632 1.63187
103.86 130.529009843868 1.63688
101.009 130.545135734941 1.64187
98.8182 130.533253499414 1.64688
97.0777 130.504396641704 1.65188
95.4428 130.467901204013 1.657
94.0715 130.426313379667 1.66188
92.6792 130.379633168667 1.667
91.4222 130.32955803323 1.672
89.8945 130.286272746666 1.677
88.5865 130.23534888012 1.682
86.5156 130.205643291301 1.687
85.8317 130.134349878137 1.692
85.0072 130.066451389409 1.697
83.6324 130.012132598426 1.702
81.8551 129.967149849644 1.707
80.0285 129.920469638643 1.712
78.7416 129.859360998788 1.717
77.1981 129.801647283369 1.722
76.0237 129.73459752575 1.727
74.8019 129.666699037022 1.732
72.0963 129.622565019349 1.737
70.2047 129.559758917276 1.742
69.1305 129.481675655239 1.747
68.1689 129.402743662092 1.75187
66.8275 129.324660400055 1.75687
65.6848 129.242333482472 1.76187
64.9007 129.154914178235 1.76687
63.4732 129.070041067325 1.77188
62.5802 128.980924300869 1.77687
61.1491 128.890958803305 1.78188
58.8778 128.795900919086 1.78687
53.8621 128.666893790502 1.79188
51.2603 128.531945544155 1.79688
