#Hauteur (mm)	Aire
0	87.85511996
-0.005	96.5185933
-0.01	98.06950122
-0.015	100.53887715
-0.02	103.04956825
-0.025	107.71500437
-0.03	112.20246745
-0.035	116.21321703
-0.04	120.18582953
-0.045	120.79602281
-0.050125	123.2781111
-0.055	124.77499149
-0.060125	127.54310788
-0.065125	129.90125066
-0.070125	132.78695638
-0.075125	134.34739857
-0.080125	136.9438981
-0.085125	139.69294595
-0.090125	141.60615613
-0.095125	143.55750339
-0.100125	144.26939555
-0.105125	146.48134619
-0.110125	149.40518899
-0.115125	151.49001603
-0.120125	155.85671169
-0.125125	159.93420116
-0.130125	163.84642995
-0.135125	165.24796764
-0.140125	167.53937053
-0.145125	168.63263349
-0.150125	173.72075558
-0.155125	173.34891905
-0.160125	176.40306354
-0.165125	177.73150516
-0.170125	179.46038612
-0.175125	180.98586932
-0.180125	183.71267054
-0.185125	184.62160428
-0.190125	188.26687351
-0.195125	190.10063144
-0.200125	190.367591
-0.205125	192.7829394
-0.210125	194.90272543
-0.215125	196.21209851
-0.220125	195.93242659
-0.225125	199.19950311
-0.230125	201.18580936
-0.235125	202.46022345
-0.240125	206.61398708
-0.245125	207.78988038
-0.250125	208.56851243
-0.255125	209.82067989
-0.260125	214.36852668
-0.265125	217.15571161
-0.270125	217.99790546
-0.275125	220.97577579
-0.280125	221.24273535
-0.285125	224.55430513
-0.290125	225.33611527
-0.295125	227.63387434
-0.300125	229.98248285
-0.305125	232.53766721
-0.310125	234.51761728
-0.315125	239.33242363
-0.320125	243.97243503
-0.325125	246.49583849
-0.330125	249.53091444
-0.335125	250.84028752
-0.340125	251.92401621
-0.345	253.05541625
-0.350125	255.37542195
-0.355	256.10002647
-0.36	260.25696819
-0.365	261.04195642
-0.37	261.62354689
-0.375	262.7327003
-0.38	265.44043298
-0.385	268.21808364
-0.39	273.31891809
-0.395	274.44078386
-0.4	276.72265248
-0.405	279.64331719
-0.41	281.8012403
-0.415	286.11708652
-0.42	298.45760999
-0.425	308.02683898
-0.43	306.73971253
-0.435	311.9930953
-0.44	324.43213956
-0.445	326.20551378
-0.45	323.00199906
-0.455	341.94023737
-0.46	326.15148625
-0.465	327.61658574
-0.469875	349.28480336
-0.474875	332.49495389
-0.479875	342.62034863
-0.485	337.28115743
-0.49	345.12150546
-0.495	344.9816695
-0.5	351.90672761
-0.505	352.7997709
-0.51	351.43001411
-0.515	355.03396817
-0.52	347.06331845
-0.525	349.60579045
-0.53	360.0140352
-0.535	360.23967959
-0.54	361.02148973
-0.545	364.79388256
-0.550125	364.64133424
-0.555	364.98138987
-0.560125	368.40737089
-0.565125	370.55258164
-0.570125	371.05471986
-0.575125	380.10909827
-0.580125	386.82758053
-0.585125	386.41125074
-0.590125	392.0491824
-0.595125	391.69005823
-0.600125	386.09979792
-0.605125	396.11395951
-0.610125	399.51133772
-0.615125	405.95332615
-0.620125	404.42148677
-0.625125	403.35682662
-0.630125	404.45008958
-0.635125	409.85284258
-0.640125	401.18619115
-0.645125	417.58831364
-0.650125	419.85111372
-0.655125	410.16747349
-0.660125	409.77974651
-0.665125	417.99828725
-0.670125	424.64367344
-0.675125	423.87457566
-0.680125	424.40531669
-0.685125	430.70746916
-0.690125	429.85256295
-0.695125	434.81356144
-0.700125	437.63570536
-0.705125	446.95386524
-0.710125	445.7271225
-0.715125	448.85754115
-0.720125	446.20065791
-0.725125	444.30333818
-0.730125	445.86695846
-0.735125	448.40625237
-0.740125	455.90018859
-0.745125	460.13340447
-0.750125	459.99992469
-0.755125	459.72978704
-0.760125	458.84309993
-0.765125	459.05921005
-0.770125	461.68749048
-0.775125	466.22262491
-0.780125	463.58481021
-0.785125	465.17385521
-0.790125	466.55950245
-0.795125	470.11260707
-0.800125	472.264174
-0.805125	479.3195338
-0.810125	477.20610395
-0.815125	482.31647267
-0.820125	483.14277607
-0.825125	482.48808953
-0.830125	479.15109503
-0.835125	481.94463614
-0.840125	485.97763235
-0.845	489.26059932
-0.850125	490.62082184
-0.855	490.29030048
-0.86	501.73460257
-0.865	503.37131892
-0.87	504.00375883
-0.875	509.80377308
-0.88	506.75916286
-0.885	512.95008218
-0.89	517.30406548
-0.895	519.26494701
-0.9	521.42604821
-0.905	523.64435503
-0.91	521.75339148
-0.915	526.82880121
-0.92	528.76425802
-0.925	528.18902373
-0.93	528.4845861
-0.935	536.42345492
-0.94	530.04502829
-0.945	532.56843175
-0.95	536.84931898
-0.955	548.74490985
-0.96	547.75016768
-0.965	551.84990378
-0.969875	552.38700099
-0.974875	548.03619578
-0.979875	548.81482783
-0.984875	561.36510524
-0.99	566.03689754
-0.995	561.94351762
-1	570.21608589
-1.005	569.54868699
-1.01	570.42266174
-1.015	567.8929021
-1.02	566.82188577
-1.025	568.40775268
-1.03	581.66992225
-1.035	580.70378289
-1.04	586.44659152
-1.045	587.77821123
-1.050125	582.59792453
-1.055	592.78370298
-1.060125	593.66403391
-1.065125	595.08146205
-1.070125	598.88563578
-1.075125	600.28399538
-1.080125	602.11457522
-1.085125	604.80641745
-1.090125	606.79590179
-1.095125	606.85310741
-1.100125	609.34790806
-1.105125	612.37027165
-1.110125	607.02790236
-1.115125	614.4519206
-1.120125	616.22529482
-1.125125	610.43481484
-1.130125	619.79428989
-1.135125	622.73084505
-1.140125	621.43100624
-1.145125	623.05501023
-1.150125	627.30729465
-1.155125	628.47683177
-1.160125	631.13371501
-1.165125	635.23027302
-1.170125	637.61066243
-1.175125	638.98359731
-1.180125	640.72836872
-1.185125	646.25824532
-1.190125	649.60795218
-1.195125	651.93749215
-1.200125	650.86011964
-1.205125	655.58276138
-1.210125	654.60708775
-1.215125	655.79251532
-1.220125	658.43350811
-1.225125	659.59351096
-1.230125	662.52370994
-1.235125	667.77073653
-1.240125	674.73710981
-1.245125	678.52539309
-1.250125	681.80836006
-1.255125	680.746878
-1.260125	682.42490952
-1.265125	684.30316071
-1.270125	685.53308154
-1.275125	687.3255243
-1.280125	686.46426191
-1.285125	687.6115524
-1.290125	689.4548446
-1.295125	691.83523401
-1.300125	696.70406789
-1.305125	697.0822606
-1.310125	699.6882944
-1.315125	702.36106809
-1.320125	701.80490234
-1.325125	697.93081063
-1.330125	700.32073431
-1.335125	700.90868096
-1.340125	704.50945693
-1.345	706.3622834
-1.350125	708.24689077
-1.355	710.60185546
-1.36	711.77457067
-1.365	714.58400223
-1.37	717.77798268
-1.375	719.43058948
-1.38	724.26764246
-1.385	724.96046608
-1.39	728.85044824
-1.395	730.55072639
-1.4	732.47664893
-1.405	736.37616536
-1.41	740.39644921
-1.415	745.50363984
-1.42	749.26014222
-1.425	751.2369142
-1.43	753.4933581
-1.435	753.96053733
-1.44	758.17150658
-1.445	759.45545494
-1.45	764.34017927
-1.455	766.45360912
-1.46	768.75772437
-1.465	770.03531655
-1.469875	771.81822504
-1.474875	774.85965717
-1.479875	777.12563534
-1.485	780.92663098
-1.49	781.52728999
-1.495	783.92674794
-1.5	786.34845252
-1.505	789.03393857
-1.51	791.77345215
-1.515	791.8211235
-1.52	793.57542918
-1.525	797.65927483
-1.53	799.75363614
-1.535	801.3553935
-1.54	803.00164412
-1.545	804.1521127
-1.550125	805.76658242
-1.555	807.78149148
-1.560125	809.72648256
-1.565125	811.13119834
-1.570125	815.55509962
-1.575125	820.05527506
-1.580125	820.40486496
-1.585125	824.7461359
-1.590125	827.25364891
-1.595125	830.67962993
-1.600125	832.56105921
-1.605125	835.35777841
-1.610125	837.42989309
-1.615125	839.99461172
-1.620125	843.13774273
-1.625125	846.27769565
-1.630125	850.78422727
-1.635125	851.87431214
-1.640125	852.68790318
-1.645125	854.81722348
-1.650125	856.37130949
-1.655125	857.44550391
-1.660125	859.991154
-1.665125	861.81537766
-1.670125	863.61735469
-1.675125	865.49878397
-1.680125	867.93955709
-1.685125	869.66525996
-1.690125	873.93025674
-1.695125	876.43141357
-1.700125	878.90396759
-1.705125	881.54178229
-1.710125	882.95921043
-1.715125	883.71559585
-1.720125	884.49104981
-1.725125	886.53138359
-1.730125	887.12250833
-1.735125	887.27187856
-1.740125	890.20843372
-1.745125	891.9945203
-1.750125	893.35474282
-1.755125	894.86433557
-1.760125	897.21294408
-1.765125	900.14949924
-1.770125	902.3233128
-1.775125	904.27466006
-1.780125	908.33943717
-1.785125	910.83741591
-1.790125	910.77067602
-1.795125	911.8893637
-1.800125	912.21988506
-1.805125	917.55272008
-1.810125	920.47338479
-1.815125	922.87919892
-1.820125	925.18649226
-1.825125	928.58069238
-1.830125	935.5343533
-1.835125	937.89885226
-1.840125	937.67002978
-1.845	942.02401308
-1.850125	944.10884012
-1.855	946.80703853
-1.86	949.40353806
-1.865	949.34315435
-1.87	952.59434042
-1.875	954.28826239
-1.88	955.47686805
-1.885	957.40914677
-1.89	956.74174787
-1.895	963.19009248
-1.9	962.36696717
-1.905	971.71690795
-1.91	968.58331121
-1.915	974.81236761
-1.92	974.88864177
-1.925	977.76481322
-1.93	980.0276133
-1.935	980.70772456
-1.94	984.56274773
-1.945	985.25874944
-1.95	989.339417
-1.955	991.36068224
-1.96	992.75904184
-1.965	999.03576959
-1.969875	1001.19051461
-1.974875	1002.02317419
-1.979875	1001.00936348
-1.985	1008.01069575
-1.99	1011.38900542
-1.995	1011.66232116
-2	1014.60205441
-2.005	1016.36271627
-2.01	1017.53543148
-2.015	1022.6458002
-2.02	1025.96054807
-2.025	1030.10159934
-2.03	1031.66839771
-2.035	1036.92813666
-2.04	1041.50776435
-2.045	1037.97690636
-2.050125	1042.21647842
-2.055	1039.01614179
-2.060125	1055.79645699
-2.065125	1057.56665312
-2.070125	1057.39503626
-2.075125	1055.47229181
-2.080125	1062.00326676
-2.085125	1059.72457623
-2.090125	1063.23636568
-2.095125	1062.88677578
-2.100125	1062.46091172
-2.105125	1069.4908468
-2.110125	1075.04932621
-2.115125	1072.99945816
-2.120125	1080.7412854
-2.125125	1076.79727571
-2.130125	1080.3281337
-2.135125	1081.51356127
-2.140125	1085.54655748
-2.145125	1087.45658957
-2.150125	1091.47687342
-2.155125	1094.22592127
-2.160125	1095.14121119
-2.165125	1098.07776635
-2.170125	1101.34802096
-2.175125	1102.39996875
-2.180125	1104.75811153
-2.185125	1106.73170542
-2.190125	1111.52744323
-2.195125	1112.52854158
-2.200125	1115.48098719
-2.205125	1118.8465845
-2.210125	1122.41875766
-2.215125	1123.82347344
-2.220125	1123.86478861
-2.230125	1126.5057814
-2.235125	1127.31301626
-2.240125	1130.10973546
-2.245125	1131.22842314
-2.250125	1132.75390634
-2.255125	1133.942512
-2.260125	1137.69901438
-2.265125	1140.73726842
-2.270125	1144.16960562
-2.275125	1146.50550177
-2.280125	1151.15504744
-2.290125	1153.8055745
-2.295125	1157.09489765
-2.300125	1158.29621567
-2.320125	1169.47991438
-2.325125	1167.7573896
-2.330125	1171.35498748
-2.335125	1171.35498748
-2.340125	1174.63477636
-2.345	1174.63477636
-2.350125	1178.03215457
-2.355	1179.91676194
-2.36	1183.25375644
-2.365	1183.29189352
-2.37	1190.05486904
-2.375	1197.0593794
-2.38	1200.3010312
-2.385	1195.17477203
-2.39	1193.54441186
-2.395	1193.53805568
-2.4	1196.95132434
-2.405	1193.61432984
-2.405	1193.55712422
-2.41	1203.98125942
-2.425625	1226.46624617
-2.42075	1226.46624617
-2.41575	1226.46624617
-2.41075	1226.46624617
-2.40575	1226.46624617
-2.40075	1226.46624617
-2.39575	1226.46624617
-2.39075	1226.46624617
-2.38575	1226.46624617
-2.38075	1226.46624617
-2.37575	1226.46624617
-2.37075	1226.46624617
-2.36575	1226.46624617
-2.36075	1226.46624617
-2.35575	1226.46624617
-2.350875	1226.46624617
-2.345875	1226.46624617
-2.340875	1226.46624617
-2.335875	1226.46624617
-2.330875	1226.46624617
-2.325875	1226.46624617
-2.320875	1226.46624617
-2.315875	1226.46624617
-2.310875	1226.46624617
-2.305875	1226.46624617
-2.300875	1226.46624617
-2.295875	1226.46624617
-2.290875	1226.46624617
-2.285875	1226.46624617
-2.280875	1226.46624617
-2.275875	1226.46624617
-2.270875	1226.46624617
-2.265875	1226.46624617
-2.260875	1226.46624617
-2.255875	1226.46624617
-2.250875	1226.46624617
-2.245875	1226.46624617
-2.240875	1226.46624617
-2.235875	1226.46624617
-2.230875	1226.46624617
-2.225875	1226.46624617
-2.220875	1221.33363082
-2.215875	1221.33363082
-2.200875	1221.33363082
-2.195875	1221.33363082
-2.190875	1221.33363082
-2.185875	1221.33363082
-2.180875	1221.33363082
-2.175875	1221.33363082
-2.170875	1221.33363082
-2.165875	1221.33363082
-2.160875	1221.33363082
-2.155875	1221.33363082
-2.150875	1221.33363082
-2.145875	1221.33363082
-2.14075	1221.33363082
-2.135875	1221.33363082
-2.13075	1221.33363082
-2.125875	1221.33363082
-2.12075	1221.33363082
-2.11575	1221.33363082
-2.11075	1221.33363082
-2.10575	1221.33363082
-2.10075	1221.33363082
-2.09575	1221.33363082
-2.09075	1221.33363082
-2.08575	1221.33363082
-2.08075	1221.33363082
-2.07575	1221.33363082
-2.07075	1221.33363082
-2.06575	1221.33363082
-2.06075	1221.33363082
-2.05575	1221.33363082
-2.05075	1221.33363082
-2.04575	1221.33363082
-2.04075	1221.33363082
-2.03575	1221.33363082
-2.03075	1221.33363082
-2.02575	1221.33363082
-2.02075	1221.33363082
-2.01575	1221.33363082
-2.01075	1221.33363082
-2.00575	1221.33363082
-2.00075	1221.33363082
-1.995625	1221.33363082
-1.990625	1221.33363082
-1.985625	1221.33363082
-1.980625	1221.33363082
-1.975625	1221.33363082
-1.970625	1221.33363082
-1.965625	1221.33363082
-1.960625	1221.33363082
-1.95575	1221.33363082
-1.950625	1221.33363082
-1.94575	1221.33363082
-1.94075	1221.33363082
-1.93575	1221.33363082
-1.93075	1221.33363082
-1.92575	1221.33363082
-1.92075	1221.33363082
-1.91575	1221.33363082
-1.91075	1221.33363082
-1.90575	1221.33363082
-1.90075	1221.33363082
-1.89575	1221.33363082
-1.89075	1221.33363082
-1.88575	1221.33363082
-1.88075	1221.33363082
-1.87575	1221.33363082
-1.87075	1221.33363082
-1.86575	1221.33363082
-1.86075	1221.33363082
-1.855875	1221.33363082
-1.850875	1221.33363082
-1.845875	1221.33363082
-1.840875	1221.33363082
-1.835875	1221.33363082
-1.830875	1221.33363082
-1.825875	1221.33363082
-1.820875	1221.33363082
-1.815875	1221.33363082
-1.810875	1221.33363082
-1.805875	1221.33363082
-1.800875	1221.33363082
-1.795875	1221.33363082
-1.790875	1221.33363082
-1.785875	1221.33363082
-1.780875	1221.33363082
-1.775875	1221.33363082
-1.770875	1221.33363082
-1.765875	1221.33363082
-1.760875	1221.33363082
-1.755875	1221.33363082
-1.750875	1221.33363082
-1.745875	1221.33363082
-1.740875	1221.33363082
-1.735875	1221.33363082
-1.730875	1221.33363082
-1.725875	1221.33363082
-1.720875	1221.33363082
-1.715875	1221.33363082
-1.710875	1221.33363082
-1.705875	1221.33363082
-1.700875	1221.33363082
-1.695875	1221.33363082
-1.690875	1221.33363082
-1.685875	1221.33363082
-1.680875	1221.33363082
-1.675875	1221.33363082
-1.670875	1221.33363082
-1.665875	1221.33363082
-1.660875	1221.33363082
-1.655875	1221.33363082
-1.650875	1221.33363082
-1.645875	1221.33363082
-1.640875	1221.33363082
-1.635875	1221.33363082
-1.63075	1221.33363082
-1.625875	1221.33363082
-1.62075	1221.33363082
-1.61575	1221.33363082
-1.61075	1221.33363082
-1.60575	1221.33363082
-1.60075	1221.33363082
-1.59575	1221.33363082
-1.59075	1221.33363082
-1.58575	1221.33363082
-1.58075	1221.33363082
-1.57575	1221.33363082
-1.57075	1221.33363082
-1.56575	1221.33363082
-1.56075	1221.33363082
-1.55575	1221.33363082
-1.55075	1221.33363082
-1.54575	1221.33363082
-1.54075	1221.33363082
-1.53575	1221.33363082
-1.53075	1221.33363082
-1.52575	1221.33363082
-1.52075	1221.33363082
-1.51575	1221.33363082
-1.51075	1221.33363082
-1.50575	1221.33363082
-1.50075	1221.33363082
-1.495625	1221.33363082
-1.490625	1221.33363082
-1.485625	1221.33363082
-1.480625	1221.33363082
-1.475625	1221.33363082
-1.470625	1221.33363082
-1.465625	1221.33363082
-1.460625	1221.33363082
-1.45575	1221.33363082
-1.45075	1221.33363082
-1.44575	1221.33363082
-1.44075	1221.33363082
-1.43575	1221.33363082
-1.43075	1221.33363082
-1.42575	1221.33363082
-1.42075	1221.33363082
-1.41575	1221.33363082
-1.41075	1221.33363082
-1.40575	1221.33363082
-1.40075	1221.33363082
-1.39575	1221.33363082
-1.39075	1221.33363082
-1.38575	1221.33363082
-1.38075	1221.33363082
-1.37575	1221.33363082
-1.37075	1221.33363082
-1.36575	1221.33363082
-1.36075	1221.33363082
-1.355875	1221.33363082
-1.350875	1221.33363082
-1.345875	1221.33363082
-1.340875	1221.33363082
-1.335875	1221.33363082
-1.330875	1221.33363082
-1.325875	1221.33363082
-1.320875	1221.33363082
-1.315875	1221.33363082
-1.310875	1221.33363082
-1.305875	1221.33363082
-1.300875	1221.33363082
-1.295875	1221.33363082
-1.290875	1221.33363082
-1.285875	1221.33363082
-1.280875	1221.33363082
-1.275875	1221.33363082
-1.270875	1221.33363082
-1.265875	1221.33363082
-1.260875	1221.33363082
-1.255875	1221.33363082
-1.250875	1221.33363082
-1.245875	1221.33363082
-1.240875	1221.33363082
-1.235875	1221.33363082
-1.230875	1221.33363082
-1.225875	1221.33363082
-1.220875	1221.33363082
-1.215875	1221.33363082
-1.210875	1221.33363082
-1.205875	1221.33363082
-1.200875	1221.33363082
-1.195875	1221.33363082
-1.190875	1221.33363082
-1.185875	1221.33363082
-1.180875	1221.33363082
-1.175875	1221.33363082
-1.170875	1221.33363082
-1.165875	1221.33363082
-1.160875	1221.33363082
-1.155875	1221.33363082
-1.150875	1221.33363082
-1.145875	1221.33363082
-1.140875	1221.33363082
-1.135875	1221.33363082
-1.13075	1221.33363082
-1.125875	1221.33363082
-1.12075	1221.33363082
-1.11575	1221.33363082
-1.11075	1221.33363082
-1.10575	1221.33363082
-1.10075	1221.33363082
-1.09575	1221.33363082
-1.09075	1221.33363082
-1.08575	1221.33363082
-1.08075	1221.33363082
-1.07575	1221.33363082
-1.07075	1221.33363082
-1.06575	1221.33363082
-1.06075	1221.33363082
-1.05575	1221.33363082
-1.05075	1221.33363082
-1.04575	1221.33363082
-1.04075	1221.33363082
-1.03575	1221.33363082
-1.03075	1221.33363082
-1.02575	1221.33363082
-1.02075	1221.33363082
-1.01575	1221.33363082
-1.01075	1221.33363082
-1.00575	1221.33363082
-1.00075	1221.33363082
-0.995625	1221.33363082
-0.990625	1221.33363082
-0.985625	1221.33363082
-0.980625	1221.33363082
-0.975625	1221.33363082
-0.970625	1221.33363082
-0.965625	1221.33363082
-0.960625	1221.33363082
-0.95575	1221.33363082
-0.950625	1221.33363082
-0.94575	1221.33363082
-0.94075	1221.33363082
-0.93575	1221.33363082
-0.93075	1221.33363082
-0.92575	1221.33363082
-0.92075	1221.33363082
-0.91575	1221.33363082
-0.91075	1221.33363082
-0.90575	1221.33363082
-0.90075	1221.33363082
-0.89575	1221.33363082
-0.89075	1221.33363082
-0.88575	1221.33363082
-0.88075	1221.33363082
-0.87575	1221.33363082
-0.870875	1221.33363082
-0.865875	1221.33363082
-0.860875	1221.33363082
-0.855875	1221.33363082
-0.850875	1221.33363082
-0.845875	1221.33363082
-0.840875	1221.33363082
-0.835875	1221.33363082
-0.830875	1221.33363082
-0.825875	1221.33363082
-0.820875	1221.33363082
-0.815875	1221.33363082
-0.811	1221.33363082
-0.806	1221.33363082
-0.801	1221.33363082
-0.796	1221.33363082
-0.791	1221.33363082
-0.786	1221.33363082
-0.781	1221.33363082
-0.776	1221.33363082
-0.771	1221.33363082
-0.766	1221.33363082
-0.761	1221.33363082
-0.756	1221.33363082
-0.751	1221.33363082
-0.746	1221.33363082
-0.741	1221.33363082
-0.736	1221.33363082
-0.731	1221.33363082
-0.726	1221.33363082
-0.721	1221.33363082
-0.716	1221.33363082
-0.711	1221.33363082
-0.706	1221.33363082
-0.701	1221.33363082
-0.696	1221.33363082
-0.691	1221.33363082
-0.686	1221.33363082
-0.680875	1221.33363082
-0.676	1221.33363082
-0.670875	1221.33363082
-0.665875	1221.33363082
-0.660875	1221.33363082
-0.655875	1221.33363082
-0.650875	1221.33363082
-0.645875	1221.33363082
-0.640875	1221.33363082
-0.635875	1221.33363082
-0.630875	1221.33363082
-0.625875	1221.33363082
-0.620875	1221.33363082
-0.615875	1221.33363082
-0.610875	1221.33363082
-0.605875	1221.33363082
-0.600875	1221.33363082
-0.595875	1221.33363082
-0.590875	1221.33363082
-0.585875	1221.33363082
-0.580875	1221.33363082
-0.575875	1221.33363082
-0.570875	1221.33363082
-0.565875	1221.33363082
-0.560875	1221.33363082
-0.555875	1221.33363082
-0.550875	1221.33363082
-0.545875	1221.33363082
-0.540875	1221.33363082
-0.535875	1221.33363082
-0.530875	1221.33363082
-0.52575	1221.33363082
-0.52075	1221.33363082
-0.51575	1221.33363082
-0.51075	1221.33363082
-0.50575	1221.33363082
-0.50075	1221.33363082
-0.49575	1221.33363082
-0.49075	1223.7553354
-0.48575	1221.25735666
-0.48075	1219.96387403
-0.47575	1221.10480834
-0.47075	1219.74776391
-0.46575	1217.38644304
-0.46075	1216.75400313
-0.45575	1214.29098338
-0.45075	1214.35136709
-0.44575	1210.57579617
-0.44075	1209.31727253
-0.43575	1208.51003767
-0.43075	1208.92636746
-0.425875	1207.35003482
-0.420875	1207.62970674
-0.415875	1206.57775895
-0.410875	1205.9898123
-0.405875	1205.05545384
-0.400875	1205.80866117
-0.395875	1204.91243979
-0.390875	1204.56602798
-0.385875	1203.33928524
-0.380875	1203.99714987
-0.375875	1203.07550377
-0.370875	1201.70892507
-0.365875	1201.75977451
-0.360875	1200.62201829
-0.355875	1200.40590817
-0.350875	1199.84338624
-0.345875	1198.92491823
-0.340875	1198.31790304
-0.335875	1196.98310524
-0.330875	1196.4555423
-0.325875	1194.52961976
-0.320875	1192.46068317
-0.316	1188.85355102
-0.311	1187.37891726
-0.306	1185.75809136
-0.301	1181.78865695
-0.296	1181.66471144
-0.291	1178.67730684
-0.286	1176.03313596
-0.281	1176.67511014
-0.276	1173.4779516
-0.271	1172.2067156
-0.266	1169.62292843
-0.261	1168.37076097
-0.256	1167.35695026
-0.251	1163.6258726
-0.246	1161.15649667
-0.241	1159.59923257
-0.236	1156.15100492
-0.231	1153.87549248
-0.226	1152.63921547
-0.221	1150.76096428
-0.216	1148.75558949
-0.211	1147.42079169
-0.206	1146.65805009
-0.201	1143.68335785
-0.196	1142.22461454
-0.191	1140.2351302
-0.186	1139.03063409
-0.180875	1137.2795065
-0.176	1135.44257048
-0.170875	1133.37363389
-0.165875	1132.75072825
-0.160875	1127.24309828
-0.155875	1125.66358755
-0.150875	1124.42095436
-0.145875	1121.36998796
-0.140875	1119.68877835
-0.135875	1118.28406257
-0.130875	1115.84328945
-0.125875	1114.3019158
-0.120875	1114.43857367
-0.115875	1110.29434431
-0.110875	1108.36206559
-0.105875	1107.43088522
-0.100875	1104.52928905
-0.095875	1103.12775136
-0.090875	1099.32993381
-0.085875	1101.07788331
-0.080875	1098.23031467
-0.075875	1097.96335511
-0.070875	1094.03523587
-0.065875	1090.14207562
-0.060875	1090.17067843
-0.055875	1087.37713732
-0.050875	1082.81340008
-0.045875	1084.25625294
-0.040875	1081.31651969
-0.035875	1080.45843539
-0.030875	1076.22204142
-0.02575	1073.83847392
-0.02075	1074.68066777
-0.01575	1071.32142664
-0.01075	1067.52678718
-0.00574999999999999	1064.53620449
-0.000750000000000001	1061.16107291
0.00425	1057.34100873
0.00924999999999999	1054.64598841
0.01425	1054.19152154
0.01925	1050.82592423
0.02425	1047.95928705
0.02925	1044.40936052
0.03425	1045.38821224
0.03925	1042.04168347
0.04425	1040.86579017
0.04925	1034.89098097
0.05425	1033.40681294
0.05925	1033.22566181
0.06425	1030.32724373
0.06925	1029.70751618
0.074125	1028.09622455
0.079125	1025.13424467
0.084125	1021.81631871
0.089125	1021.8512777
0.094125	1016.8616764
0.099125	1014.30967013
0.104125	1010.09870088
0.109125	1010.11776942
0.114125	1006.07841703
0.119125	1004.38767315
0.124125	1003.12914951
0.129125	1001.66405002
0.134125	997.83445157
0.139125	998.94678307
0.144125	995.29515766
0.149125	995.79411779
0.154125	992.43169857
0.159125	988.87223777
0.164125	986.28209442
0.169125	982.77348306
0.174125	983.7777595
0.179125	979.56996834
0.184125	975.52108168
0.189	975.26683448
0.194	971.62792143
0.199	972.78474619
0.204	969.81641013
0.209	970.20095902
0.214	968.89476403
0.219	962.55129639
0.224	961.25145758
0.229	959.50032999
0.234	957.26295463
0.239	956.71314506
0.244	952.88036852
0.249	947.54117732
0.254	948.17361723
0.259	948.54227567
0.264	945.64703568
0.269	942.939303
0.274	938.97622477
0.279	937.4412073
0.284	935.19111958
0.289	930.8307801
0.294	931.67615204
0.299	927.86880022
0.304	924.08687312
0.309	918.59195551
0.314	918.55699652
0.319125	919.10680609
0.324	911.74317156
0.329125	911.54295189
0.334125	911.05034794
0.339125	910.3003187
0.344125	905.95904776
0.349125	903.91871398
0.354125	902.31695662
0.359125	899.37404528
0.364125	895.62707717
0.369125	893.48504451
0.374125	892.36953492
0.379125	892.49665852
0.384125	893.09413944
0.389125	891.07923038
0.394125	895.53809065
0.399125	895.43321368
0.404125	895.43321368
0.409125	895.43321368
0.414125	895.43321368
0.419125	882.14879748
0.424125	886.55680831
0.429125	893.52318159
0.434125	880.58199911
0.439125	881.89455028
0.444125	877.61048496
0.449125	886.55680831
0.454125	880.58199911
0.459125	867.17999358
0.464125	872.77343198
0.469125	860.0547158
0.47425	864.49768562
0.47925	861.51028102
0.48425	861.46578776
0.48925	851.22915987
0.49425	848.41337213
0.49925	849.89118398
0.50425	842.5752208
0.50925	849.78312892
0.51425	840.94168254
0.51925	827.80028039
0.52425	832.2464283
0.52925	836.81969981
0.53425	828.11808939
0.53925	827.94329444
0.54425	835.25290144
0.54925	829.55140798
0.55425	829.53869562
0.55925	835.20840818
0.56425	819.4387256
0.56925	822.33714368
0.574125	822.19730772
0.579125	815.06567376
0.584125	810.89601968
0.589125	801.04394068
0.594125	799.65829344
0.599125	791.14101224
0.604125	795.29159778
0.609125	789.72994028
0.614125	791.10287516
0.619125	793.80742975
0.624125	790.97892965
0.629125	786.93957726
0.634125	791.14101224
0.639125	786.99678288
0.644125	793.94726571
0.649125	793.93773144
0.654125	778.60662528
0.659125	774.28760097
0.664125	757.5295324
0.669125	774.21132681
0.674125	764.5531113
0.679125	752.33017716
0.684125	764.60396074
0.689	767.47059792
0.694	750.982667
0.699	761.75003592
0.704	754.78048455
0.709	759.29019426
0.714	751.0144479
0.719	745.38287242
0.724	753.70946822
0.729	741.42297228
0.734	746.80030056
0.739	735.88356141
0.744	748.2177287
0.749	742.719633
0.754	727.61417123
0.759	722.36396655
0.764	722.36396655
0.769	725.06216496
0.774	729.1174078
0.779	715.69315564
0.784	718.29918944
0.789	717.01206299
0.794	705.13554066
0.799	710.48108804
0.804	706.47669464
0.809	709.17489305
0.814	713.1951769
0.819125	709.12086552
0.824	711.78728303
0.829125	694.39359646
0.834125	703.61641364
0.839125	688.92728166
0.844125	701.06122928
0.849125	700.88325624
0.854125	695.73157235
0.859125	687.86897769
0.864125	686.63270068
0.869125	685.33286187
0.874125	679.98095831
0.879125	675.93524974
0.884125	682.33910109
0.889125	677.55607564
0.894125	670.95200462
0.899125	667.0175292
0.904125	677.36856833
0.909125	665.59374488
0.914125	668.37139554
0.919125	664.56404372
0.924125	659.2629896
0.929125	662.98771108
0.934125	668.37139554
0.939	663.09576614
0.944	646.6777532
0.949	641.69768617
0.954125	645.49550372
0.959125	637.78545738
0.964125	635.35739662
0.969125	634.03848927
0.974125	640.2897923
0.979125	635.35739662
0.984125	633.97810556
0.989125	630.08176722
0.994125	635.25569774
0.999125	627.6092132
1.004125	631.42609929
1.009125	630.08176722
1.014125	632.73229428
1.019125	630.20253464
1.024125	624.06246476
1.029125	630.20253464
1.034125	615.20194984
1.039125	620.21061968
1.044125	618.9012466
1.049125	616.51450101
1.054125	618.97434267
1.059125	606.41453099
1.064125	607.7461507
1.069125	604.13584046
1.074125	600.80202405
1.079125	596.26053344
1.084125	595.08146205
1.089125	593.17142996
1.094125	593.19367659
1.099125	587.63519718
1.104	588.57908991
1.109	587.00275727
1.114	582.84581555
1.119	584.86708079
1.124	582.18477283
1.129	579.64547892
1.134	577.73226874
1.139	576.66125241
1.144	575.62519507
1.149	575.70464732
1.154	569.85378363
1.159	569.13553529
1.164	566.12270597
1.169	561.72105132
1.174	559.35973045
1.179	553.91248419
1.184	551.48124534
1.189	550.85516161
1.194	547.82961993
1.199	544.92166758
1.204	543.09744392
1.209	543.18960853
1.214	540.04329943
1.219	540.45009495
1.224	537.92669149
1.229	536.39485211
1.234	536.21687907
1.239	535.1585751
1.244	531.01752383
1.249	528.81510746
1.254	527.18792538
1.259	519.75119478
1.264	520.40905941
1.269	513.40454905
1.274	513.64608389
1.279	512.81978049
1.284	512.37484789
1.289	510.97013211
1.294	509.12366182
1.299	508.77725001
1.304	507.1596022
1.309	504.59806166
1.314	503.9179504
1.319	499.26840473
1.324	499.71651542
1.329	495.52461471
1.334	495.90598551
1.339	494.18028264
1.344	489.63561394
1.349	488.68854312
1.354	484.09302498
1.359	481.57915579
1.364	476.56095168
1.369	476.94867866
1.374	472.52477738
1.379	469.15600198
1.384	463.76278325
1.389	460.2827747
1.394	457.81657686
1.399	457.01569818
1.404	454.68615821
1.409	450.7167238
1.414	447.33523604
1.419	445.80021857
1.424	441.07439874
1.429	439.53620318
1.434	435.56041259
1.439	435.2394255
1.444	433.5550378
1.449125	433.43427038
1.454125	426.19775945
1.459125	423.45506778
1.464125	421.8914475
1.469125	419.02798841
1.474125	415.53208941
1.479125	415.43674671
1.484125	412.46205447
1.489125	409.40473189
1.494125	410.24692574
1.499125	406.2552447
1.504125	405.75310648
1.509125	403.23923729
1.514125	400.70947765
1.519125	399.14903546
1.524125	397.42651068
1.529125	396.13302805
1.534125	391.48348238
1.539125	389.96753345
1.544125	388.12424125
1.549125	385.27031643
1.554125	383.47151749
1.559125	382.40685734
1.564125	381.14197752
1.569125	379.93748141
1.574125	377.26470772
1.579125	376.23818465
1.584125	375.47544305
1.589125	373.08551937
1.594125	373.04102611
1.599125	369.56101756
1.604	366.54501015
1.609125	365.14347246
1.614	364.36166232
1.619	363.37327633
1.624	363.14445385
1.629	359.92504868
1.634	360.28417285
1.639	356.97578116
1.644	355.24372211
1.649	354.04876027
1.654	350.42255958
1.659	348.78902132
1.664	346.39909764
1.669	344.9816695
1.674	343.04939078
1.679	341.28555083
1.684	338.38395466
1.689	335.77474277
1.694	334.9389051
1.699	332.12629545
1.704	331.64004768
1.709	329.13889085
1.714	326.31039075
1.719	325.52222443
1.724	323.09416367
1.729	322.92890299
1.734	320.86950067
1.739	319.67136074
1.744	316.219955
1.749	315.90532409
1.754	313.10860489
1.759	311.70388911
1.764	309.48876038
1.769	307.07976816
1.774	304.50551526
1.779	300.76490333
1.784	299.40468081
1.789	298.12391054
1.794	295.70538405
1.799	294.88225874
1.804	292.94362384
1.809	290.36301476
1.814	288.30996862
1.819	287.06415734
1.824	283.38710721
1.829	281.48025321
1.834	278.93142503
1.839	275.29569007
1.844	274.87618219
1.849	272.76910852
1.854	270.83047362
1.859	268.16405611
1.864	265.44678916
1.869	261.82694465
1.874	259.53554176
1.879	259.59274738
1.884	256.72928829
1.889	251.16763079
1.894	248.68872059
1.899	244.58898449
1.904	242.7425142
1.909	240.10152141
1.914	238.88749103
1.919	235.53460608
1.924	231.98150146
1.929	227.29381871
1.934	225.50137595
1.939	223.24175396
1.944	221.2904067
1.949125	218.37927626
1.954125	215.45225537
1.959125	213.84414183
1.964125	210.48172261
1.969125	208.97848604
1.974125	205.1139286
1.979125	203.19754033
1.984125	202.64137458
1.989125	200.66142451
1.994125	198.98974917
1.999125	195.50974062
2.004125	193.34228324
2.009125	190.87926349
2.014125	186.93843189
2.019125	185.00615317
2.024125	181.98696767
2.029125	179.23791982
2.034125	175.49095171
2.039125	172.23340946
2.044125	151.34700198
2.049125	143.34457136
2.054125	137.97359926
2.059125	132.12591366
2.064125	127.68930002
2.069125	124.20929147
2.074125	119.01629241
2.079125	113.48005963
2.084125	107.8008128
2.089125	104.71170932
2.094125	101.43192044
2.099125	96.26116801
2.104	93.19113307
2.109125	87.31802275
2.114	81.02222646
2.119	74.92347175
2.124	68.96773109
2.129	60.5743954
2.134	43.43813412
