0	48.7759
-0.005	50.8425
-0.01	58.5691
-0.015	63.1807
-0.019875	63.3741
-0.025	65.0301
-0.029875	67.1984
-0.034875	67.6633
-0.039875	68.7627
-0.044875	70.2456
-0.049875	71.3451
-0.054875	73.0418
-0.059875	73.7136
-0.064875	76.676
-0.069875	78.4813
-0.074875	79.0853
-0.08	80.989
-0.085	83.1811
-0.09	85.1289
-0.095	87.6501
-0.1	90.0967
-0.105	91.3896
-0.11	92.4585
-0.115	94.6981
-0.12	98.1457
-0.125	99.3809
-0.13	102.245
-0.135	103.697
-0.14	104.373
-0.145	105.36
-0.15	107.033
-0.155	110.956
-0.16	112.228
-0.165	115.224
-0.17	117.59
-0.175	119.385
-0.180125	121.17
-0.185125	124.41
-0.190125	126.87
-0.195125	128.299
-0.200125	130.746
-0.205125	132.106
-0.210125	135.092
-0.215125	138.089
-0.220125	140.515
-0.225125	141.95
-0.230125	142.7
-0.235125	143.851
-0.240125	144.387
-0.245125	146.962
-0.250125	147.896
-0.255125	149.565
-0.260125	150.193
-0.265125	151.16
-0.270125	152.473
-0.275125	156.233
-0.280125	159.328
-0.285125	161.133
-0.290125	163.569
-0.295125	167.401
-0.300125	168.527
-0.305125	170.068
-0.310125	170.373
-0.315125	171.405
-0.320125	173.38
-0.325125	174.099
-0.330125	175.076
-0.335125	177.153
-0.340125	177.76
-0.345125	178.073
-0.350125	180.889
-0.355125	184.014
-0.360125	185.1
-0.365125	186.804
-0.370125	188.11
-0.375125	190.859
-0.380125	191.354
-0.385125	193.187
-0.390125	195.467
-0.395125	197.411
-0.400125	199.569
-0.405125	203.55
-0.410125	206.835
-0.415125	210.598
-0.42	211.833
-0.425	212.457
-0.43	212.719
-0.435	213.289
-0.44	214.575
-0.445	216.957
-0.45	220.757
-0.455	223.211
-0.46	226.248
-0.465	228.878
-0.47	231.616
-0.475	234.351
-0.48	235.41
-0.485	235.614
-0.49	237.972
-0.495	241.053
-0.5	242.821
-0.505	244.134
-0.51	248.871
-0.515	249.747
-0.52	252.234
-0.525	254.08
-0.529875	256.978
-0.534875	258.729
-0.539875	260.076
-0.544875	262.309
-0.549875	265.417
-0.554875	267.066
-0.559875	268.359
-0.564875	269.618
-0.569875	271.81
-0.574875	273.792
-0.58	275.434
-0.585	278.085
-0.59	280.046
-0.595	281.067
-0.6	282.937
-0.605	286.761
-0.61	288.397
-0.615	291.97
-0.62	293.528
-0.625	294.417
-0.63	297.04
-0.635	297.403
-0.64	300.084
-0.645	303.372
-0.65	304.478
-0.655	307.454
-0.66	308.798
-0.665	311.526
-0.67	312.795
-0.675	314.746
-0.68	316.263
-0.685125	318.306
-0.690125	319.785
-0.695125	322.015
-0.700125	323.552
-0.705125	325.368
-0.710125	327.044
-0.715125	329.877
-0.720125	331.476
-0.725125	333.484
-0.730125	337.061
-0.735125	339.569
-0.740125	341.418
-0.745125	342.575
-0.750125	343.98
-0.755125	345.999
-0.760125	348.646
-0.765125	350.461
-0.770125	351.659
-0.775125	354.706
-0.780125	357.716
-0.785125	359.433
-0.790125	360.18
-0.795125	363.41
-0.800125	366.308
-0.805125	368.059
-0.810125	369.162
-0.815125	371.965
-0.820125	373.295
-0.825125	374.306
-0.830125	375.182
-0.835125	376.465
-0.840125	378.416
-0.845125	380.642
-0.850125	382.182
-0.855125	383.618
-0.860125	384.758
-0.865125	386.95
-0.870125	388.633
-0.875125	391.5
-0.880125	392.756
-0.885125	393.35
-0.890125	396.797
-0.895125	399.329
-0.900125	401.891
-0.905125	401.538
-0.910125	404.1
-0.915	405.291
-0.92	408.141
-0.925	410.598
-0.93	412.821
-0.935	414.005
-0.94	416.964
-0.945	419.132
-0.95	421.606
-0.955	424.64
-0.96	426.71
-0.965	428.244
-0.97	431.348
-0.975	434.314
-0.98	435.471
-0.985	437.056
-0.99	438.6
-0.995	440.164
-1	442.55
-1.005	444.491
-1.01	446.802
-1.015	448.485
-1.01988	449.483
-1.025	452.706
-1.02988	455.082
-1.03487	456.754
-1.03988	460.012
-1.04487	462.432
-1.04987	465.394
-1.05488	467.338
-1.05987	469.374
-1.06488	473.311
-1.06987	475.486
-1.07488	477.654
-1.08	481.01
-1.085	482.16
-1.09	484.919
-1.095	487.054
-1.1	489.039
-1.105	491.411
-1.11	493.525
-1.115	494.875
-1.12	496.905
-1.125	500.091
-1.13	502.127
-1.135	503.613
-1.14	505.279
-1.145	506.345
-1.15	508.608
-1.155	510.936
-1.16	512.368
-1.165	514.027
-1.17	517.56
-1.175	519.708
-1.18	521.272
-1.185	522.993
-1.19013	524.733
-1.19512	527.227
-1.20013	528.636
-1.20513	530.909
-1.21012	535.3
-1.21513	534.822
-1.22012	537.051
-1.22513	540.441
-1.23012	540.886
-1.23513	541.659
-1.24012	547.201
-1.24513	549.624
-1.25012	552.725
-1.25513	554.435
-1.26012	558.694
-1.26513	558.382
-1.27012	562.81
-1.27513	561.633
-1.28012	562.905
-1.28513	564.144
-1.29012	566.858
-1.29513	568.036
-1.30012	569.074
-1.30513	570.913
-1.31012	573.309
-1.31513	574.789
-1.32012	576.94
-1.32513	578.243
-1.33013	579.492
-1.33512	582.437
-1.34013	583.974
-1.34512	584.67
-1.35013	588.023
-1.35512	591.776
-1.36013	592.485
-1.36512	593.801
-1.37013	596.33
-1.37512	597.66
-1.38013	599.194
-1.38512	602.105
-1.39013	603.88
-1.39512	605.712
-1.40013	607.891
-1.40512	610.836
-1.41013	613.188
-1.415	614.189
-1.42	616.198
-1.425	620.032
-1.43	620.585
-1.435	622.577
-1.44	625.699
-1.445	627.097
-1.45	628.512
-1.455	632.004
-1.46	635.109
-1.465	640.748
-1.47	642.14
-1.475	645.818
-1.48	648.719
-1.485	649.778
-1.49	650.816
-1.495	652.449
-1.5	654.054
-1.505	657.82
-1.51	659.805
-1.515	663.202
-1.51988	666.599
-1.525	694.418
-1.52988	689.307
-1.53487	693.793
-1.53988	688.51
-1.54487	688.381
-1.54987	688.187
-1.55488	689.613
-1.55987	691.14
-1.56488	690.651
-1.56987	692.555
-1.57488	692.867
-1.58	694.821
-1.585	695.558
-1.59	697.227
-1.595	700.298
-1.6	699.844
-1.605	700.797
-1.61	703.451
-1.615	706.637
-1.62	708.205
-1.625	711.863
-1.63	712.799
-1.635	716.644
-1.64	716.956
-1.645	717.682
-1.65	720.723
-1.655	722.28
-1.66	723.967
-1.665	725.745
-1.67	728.606
-1.675	730.112
-1.68013	732.362
-1.68512	735.117
-1.69013	737.625
-1.69512	738.704
-1.70013	741.884
-1.70513	742.953
-1.71012	745.623
-1.71513	746.471
-1.72012	748.117
-1.72513	753.618
-1.73012	761.053
-1.73513	766.39
-1.74012	761.775
-1.74513	762.909
-1.75012	764.578
-1.75513	765.871
-1.76012	768.057
-1.76513	769.265
-1.77012	771.005
-1.77513	772.597
-1.78012	774.083
-1.78513	776.404
-1.79012	777.422
-1.79513	779.373
-1.80012	780.184
-1.80513	781.745
-1.81012	783.903
-1.81513	785.57
-1.82012	786.625
-1.82513	788.41
-1.83013	792.064
-1.83512	801.155
-1.84013	808.349
-1.84512	808.261
-1.85013	810.029
-1.85512	813.086
-1.86013	813.412
-1.86512	815.889
-1.87013	814.264
-1.87512	816.748
-1.88013	814.749
-1.88512	816.113
-1.89013	817.314
-1.89512	819.106
-1.90013	825.105
-1.90512	823.069
-1.91013	825.105
-1.91512	827.742
-1.92	830.226
-1.925	832.092
-1.93	833.558
-1.935	835.079
-1.94	836.392
-1.945	838.38
-1.95	840.552
-1.955	842.876
-1.96	844.526
-1.965	847.356
-1.97	852.011
-1.975	852.276
-1.98	855.34
-1.985	857.712
-1.99	858.605
-1.995	860.121
-2	867.953
-2.005	867.292
-2.01	868.486
-2.015	875.5
-2.01987	878.486
-2.025	884.537
-2.02988	891.021
-2.03487	891.568
-2.03987	893.342
-2.04488	892.345
-2.04988	896.474
-2.05488	895.901
-2.05987	897.906
-2.06487	899.175
-2.06988	903.573
-2.07488	905.911
-2.08	904.367
-2.085	907.387
-2.09	910.658
-2.095	912.667
-2.1	911.934
-2.105	914.927
-2.11	917.123
-2.115	916.655
-2.12	918.786
-2.125	919.936
-2.13	922.471
-2.135	925.616
-2.14	935.298
-2.145	932.637
-2.15	932.99
-2.155	938.28
-2.16	935.667
-2.165	937.486
-2.17	941.623
-2.175	939.275
-2.18	945.193
-2.18513	947.829
-2.19013	949.465
-2.19512	952.186
-2.20012	949.821
-2.20512	952.118
-2.21013	958.247
-2.21513	957.762
-2.22012	963.32
-2.22512	964.769
-2.23013	967.236
-2.23513	965.4
-2.24012	970.877
-2.24512	977.582
-2.25013	978.179
-2.25513	982.689
-2.26012	983.853
-2.26512	985.998
-2.27013	983.975
-2.27513	987.847
-2.28012	989.835
-2.28512	988.865
-2.29013	990.972
-2.29513	996.412
-2.30012	999.819
-2.30512	1000.55
-2.31013	1001.54
-2.31513	1001.95
-2.32012	1002.61
-2.32512	1004.64
-2.33012	1008.01
-2.33513	1008.62
-2.34013	1010.58
-2.34512	1010.6
-2.35012	1012.88
-2.35513	1015.51
-2.36013	1015.7
-2.36512	1016.56
-2.37012	1019.31
-2.37513	1021.78
-2.38013	1024.16
-2.38512	1026.24
-2.39012	1027.55
-2.39513	1029.7
-2.40013	1034.69
-2.405	1036.05
-2.41012	1037.69
-2.415	1036.81
-2.42	1038.06
-2.425	1043.13
-2.43	1045.89
-2.435	1047.55
-2.44	1051.57
-2.445	1058.96
-2.45	1060.15
-2.455	1060.01
-2.46	1060.8
-2.465	1061.72
-2.47	1071.73
-2.48	1068
-2.55987	1109.96
-2.56487	1112.19
-2.56988	1115.08
-2.57488	1116.99
-2.58	1118.49
-2.585	1120.31
-2.59	1123.06
-2.6	1126.57
-2.61	1128.35
-2.615	1123.49
-2.62	1125.84
-2.625	1127.81
-2.63	1130.11
-2.635	1131.36
-2.64	1132.76
-2.645	1135.22
-2.65	1136.91
-2.655	1138.87
-2.66	1141.61
-2.665	1143.79
-2.67	1147.67
-2.675	1151.56
-2.68	1153.12
-2.685	1157.86
-2.69013	1161.31
-2.69512	1163.63
