0	87.8551
-0.005	96.5186
-0.01	98.0695
-0.015	100.539
-0.02	103.05
-0.025	107.715
-0.03	112.202
-0.035	116.213
-0.04	120.186
-0.045	120.796
-0.050125	123.278
-0.055	124.775
-0.060125	127.543
-0.065125	129.901
-0.070125	132.787
-0.075125	134.347
-0.080125	136.944
-0.085125	139.693
-0.090125	141.606
-0.095125	143.558
-0.100125	144.269
-0.105125	146.481
-0.110125	149.405
-0.115125	151.49
-0.120125	155.857
-0.125125	159.934
-0.130125	163.846
-0.135125	165.248
-0.140125	167.539
-0.145125	168.633
-0.150125	173.721
-0.155125	173.349
-0.160125	176.403
-0.165125	177.732
-0.170125	179.46
-0.175125	180.986
-0.180125	183.713
-0.185125	184.622
-0.190125	188.267
-0.195125	190.101
-0.200125	190.368
-0.205125	192.783
-0.210125	194.903
-0.215125	196.212
-0.220125	195.932
-0.225125	199.2
-0.230125	201.186
-0.235125	202.46
-0.240125	206.614
-0.245125	207.79
-0.250125	208.569
-0.255125	209.821
-0.260125	214.369
-0.265125	217.156
-0.270125	217.998
-0.275125	220.976
-0.280125	221.243
-0.285125	224.554
-0.290125	225.336
-0.295125	227.634
-0.300125	229.982
-0.305125	232.538
-0.310125	234.518
-0.315125	239.332
-0.320125	243.972
-0.325125	246.496
-0.330125	249.531
-0.335125	250.84
-0.340125	251.924
-0.345	253.055
-0.350125	255.375
-0.355	256.1
-0.36	260.257
-0.365	261.042
-0.37	261.624
-0.375	262.733
-0.38	265.44
-0.385	268.218
-0.39	273.319
-0.395	274.441
-0.4	276.723
-0.405	279.643
-0.41	281.801
-0.415	286.117
-0.42	298.458
-0.425	308.027
-0.43	306.74
-0.435	311.993
-0.44	324.432
-0.445	326.206
-0.45	323.002
-0.455	341.94
-0.46	326.151
-0.465	327.617
-0.469875	349.285
-0.474875	332.495
-0.479875	342.62
-0.485	337.281
-0.49	345.122
-0.495	344.982
-0.5	351.907
-0.505	352.8
-0.51	351.43
-0.515	355.034
-0.52	347.063
-0.525	349.606
-0.53	360.014
-0.535	360.24
-0.54	361.021
-0.545	364.794
-0.550125	364.641
-0.555	364.981
-0.560125	368.407
-0.565125	370.553
-0.570125	371.055
-0.575125	380.109
-0.580125	386.828
-0.585125	386.411
-0.590125	392.049
-0.595125	391.69
-0.600125	386.1
-0.605125	396.114
-0.610125	399.511
-0.615125	405.953
-0.620125	404.421
-0.625125	403.357
-0.630125	404.45
-0.635125	409.853
-0.640125	401.186
-0.645125	417.588
-0.650125	419.851
-0.655125	410.167
-0.660125	409.78
-0.665125	417.998
-0.670125	424.644
-0.675125	423.875
-0.680125	424.405
-0.685125	430.707
-0.690125	429.853
-0.695125	434.814
-0.700125	437.636
-0.705125	446.954
-0.710125	445.727
-0.715125	448.858
-0.720125	446.201
-0.725125	444.303
-0.730125	445.867
-0.735125	448.406
-0.740125	455.9
-0.745125	460.133
-0.750125	460
-0.755125	459.73
-0.760125	458.843
-0.765125	459.059
-0.770125	461.687
-0.775125	466.223
-0.780125	463.585
-0.785125	465.174
-0.790125	466.56
-0.795125	470.113
-0.800125	472.264
-0.805125	479.32
-0.810125	477.206
-0.815125	482.316
-0.820125	483.143
-0.825125	482.488
-0.830125	479.151
-0.835125	481.945
-0.840125	485.978
-0.845	489.261
-0.850125	490.621
-0.855	490.29
-0.86	501.735
-0.865	503.371
-0.87	504.004
-0.875	509.804
-0.88	506.759
-0.885	512.95
-0.89	517.304
-0.895	519.265
-0.9	521.426
-0.905	523.644
-0.91	521.753
-0.915	526.829
-0.92	528.764
-0.925	528.189
-0.93	528.485
-0.935	536.423
-0.94	530.045
-0.945	532.568
-0.95	536.849
-0.955	548.745
-0.96	547.75
-0.965	551.85
-0.969875	552.387
-0.974875	548.036
-0.979875	548.815
-0.984875	561.365
-0.99	566.037
-0.995	561.944
-1	570.216
-1.005	569.549
-1.01	570.423
-1.015	567.893
-1.02	566.822
-1.025	568.408
-1.03	581.67
-1.035	580.704
-1.04	586.447
-1.045	587.778
-1.05012	582.598
-1.055	592.784
-1.06012	593.664
-1.06513	595.081
-1.07012	598.886
-1.07513	600.284
-1.08013	602.115
-1.08512	604.806
-1.09013	606.796
-1.09512	606.853
-1.10013	609.348
-1.10512	612.37
-1.11013	607.028
-1.11512	614.452
-1.12013	616.225
-1.12512	610.435
-1.13013	619.794
-1.13512	622.731
-1.14013	621.431
-1.14512	623.055
-1.15013	627.307
-1.15512	628.477
-1.16013	631.134
-1.16512	635.23
-1.17013	637.611
-1.17512	638.984
-1.18013	640.728
-1.18512	646.258
-1.19013	649.608
-1.19512	651.937
-1.20013	650.86
-1.20513	655.583
-1.21012	654.607
-1.21513	655.793
-1.22012	658.434
-1.22513	659.594
-1.23012	662.524
-1.23513	667.771
-1.24012	674.737
-1.24513	678.525
-1.25012	681.808
-1.25513	680.747
-1.26012	682.425
-1.26513	684.303
-1.27012	685.533
-1.27513	687.326
-1.28012	686.464
-1.28513	687.612
-1.29012	689.455
-1.29513	691.835
-1.30012	696.704
-1.30513	697.082
-1.31012	699.688
-1.31513	702.361
-1.32012	701.805
-1.32513	697.931
-1.33013	700.321
-1.33512	700.909
-1.34013	704.509
-1.345	706.362
-1.35013	708.247
-1.355	710.602
-1.36	711.775
-1.365	714.584
-1.37	717.778
-1.375	719.431
-1.38	724.268
-1.385	724.96
-1.39	728.85
-1.395	730.551
-1.4	732.477
-1.405	736.376
-1.41	740.396
-1.415	745.504
-1.42	749.26
-1.425	751.237
-1.43	753.493
-1.435	753.961
-1.44	758.172
-1.445	759.455
-1.45	764.34
-1.455	766.454
-1.46	768.758
-1.465	770.035
-1.46988	771.818
-1.47487	774.86
-1.47988	777.126
-1.485	780.927
-1.49	781.527
-1.495	783.927
-1.5	786.348
-1.505	789.034
-1.51	791.773
-1.515	791.821
-1.52	793.575
-1.525	797.659
-1.53	799.754
-1.535	801.355
-1.54	803.002
-1.545	804.152
-1.55012	805.767
-1.555	807.781
-1.56012	809.726
-1.56513	811.131
-1.57012	815.555
-1.57513	820.055
-1.58013	820.405
-1.58512	824.746
-1.59013	827.254
-1.59512	830.68
-1.60013	832.561
-1.60512	835.358
-1.61013	837.43
-1.61512	839.995
-1.62013	843.138
-1.62512	846.278
-1.63013	850.784
-1.63512	851.874
-1.64013	852.688
-1.64512	854.817
-1.65013	856.371
-1.65512	857.446
-1.66013	859.991
-1.66512	861.815
-1.67013	863.617
-1.67512	865.499
-1.68013	867.94
-1.68512	869.665
-1.69013	873.93
-1.69512	876.431
-1.70013	878.904
-1.70513	881.542
-1.71012	882.959
-1.71513	883.716
-1.72012	884.491
-1.72513	886.531
-1.73012	887.123
-1.73513	887.272
-1.74012	890.208
-1.74513	891.995
-1.75012	893.355
-1.75513	894.864
-1.76012	897.213
-1.76513	900.149
-1.77012	902.323
-1.77513	904.275
-1.78012	908.339
-1.78513	910.837
-1.79012	910.771
-1.79513	911.889
-1.80012	912.22
-1.80513	917.553
-1.81012	920.473
-1.81513	922.879
-1.82012	925.186
-1.82513	928.581
-1.83013	935.534
-1.83512	937.899
-1.84013	937.67
-1.845	942.024
-1.85013	944.109
-1.855	946.807
-1.86	949.404
-1.865	949.343
-1.87	952.594
-1.875	954.288
-1.88	955.477
-1.885	957.409
-1.89	956.742
-1.895	963.19
-1.9	962.367
-1.905	971.717
-1.91	968.583
-1.915	974.812
-1.92	974.889
-1.925	977.765
-1.93	980.028
-1.935	980.708
-1.94	984.563
-1.945	985.259
-1.95	989.339
-1.955	991.361
-1.96	992.759
-1.965	999.036
-1.96988	1001.19
-1.97487	1002.02
-1.97988	1001.01
-1.985	1008.01
-1.99	1011.39
-1.995	1011.66
-2	1014.6
-2.005	1016.36
-2.01	1017.54
-2.015	1022.65
-2.02	1025.96
-2.025	1030.1
-2.03	1031.67
-2.035	1036.93
-2.04	1041.51
-2.045	1037.98
-2.05012	1042.22
-2.055	1039.02
-2.06013	1055.8
-2.06513	1057.57
-2.07012	1057.4
-2.07512	1055.47
-2.08012	1062
-2.08513	1059.72
-2.09013	1063.24
-2.09512	1062.89
-2.10012	1062.46
-2.10513	1069.49
-2.11013	1075.05
-2.11512	1073
-2.12012	1080.74
-2.12513	1076.8
-2.13013	1080.33
-2.13512	1081.51
-2.14012	1085.55
-2.14513	1087.46
-2.15013	1091.48
-2.15512	1094.23
-2.16012	1095.14
-2.16513	1098.08
-2.17013	1101.35
-2.17512	1102.4
-2.18012	1104.76
-2.18513	1106.73
-2.19013	1111.53
-2.19512	1112.53
-2.20012	1115.48
-2.20512	1118.85
-2.21013	1122.42
-2.21513	1123.82
-2.22012	1123.86
-2.23013	1126.51
-2.23513	1127.31
-2.24012	1130.11
-2.24512	1131.23
-2.25013	1132.75
-2.25513	1133.94
-2.26012	1137.7
-2.26512	1140.74
-2.27013	1144.17
-2.27513	1146.51
-2.28012	1151.16
-2.29013	1153.81
-2.29513	1157.09
-2.30012	1158.3
-2.32012	1171.62
