-0.001	2043.8
0.008875	2043.91
0.018875	2043.5
0.028875	2043.8
0.038875	2044.1
0.048875	2044.12
0.058875	2041.56
0.068875	2037.82
0.07875	2034.87
0.08875	2031.15
0.09875	2027.41
0.10875	2024.33
0.11875	2020.36
0.12875	2016.71
0.13875	2012.57
0.14875	2008.87
0.15875	2004.8
0.16875	2000.87
0.178625	1997.12
0.188625	1993.43
0.198625	1989.15
0.208625	1986.33
0.218625	1981.23
0.228625	1977.7
0.238625	1973.26
0.248625	1969.39
0.258625	1965.67
0.268625	1961.23
0.278625	1957.69
0.288625	1953.37
0.298625	1949.78
0.308625	1945.31
0.318625	1941.23
0.328625	1937.56
0.338625	1933.44
0.348625	1930.41
0.358625	1926
0.368625	1922.81
0.378625	1918.15
0.388625	1914.88
0.398625	1910.89
0.40875	1907.22
0.41875	1903.55
0.42875	1900
0.43875	1896.43
0.44875	1892.29
0.45875	1888.89
0.46875	1884.61
0.47875	1881.4
0.48875	1876.19
0.49875	1873.34
0.50875	1869.23
0.51875	1865.81
0.52875	1861.96
0.538875	1857.9
0.548875	1854.5
0.558875	1849.88
0.56875	1846.38
0.57875	1841.98
0.58875	1838.34
0.59875	1834.2
0.60875	1830.61
0.61875	1827.12
0.62875	1822.82
0.63875	1819.22
0.64875	1814.72
0.65875	1811.42
0.668625	1807.12
0.678625	1803.33
0.688625	1799.54
0.698625	1795.55
0.708625	1791.78
0.718625	1787.26
0.728625	1783.51
0.738625	1779.7
0.748625	1775.48
0.758625	1771.43
0.768625	1766.9
0.778625	1762.96
0.788625	1759.41
0.798625	1754.64
0.808625	1750.89
0.818625	1746.56
0.828625	1742.22
0.838625	1738.66
0.848625	1734.67
0.858625	1731.08
0.868625	1726.86
0.878625	1723.37
0.888625	1719.49
0.898625	1715.9
0.90875	1712.31
0.91875	1708.37
0.92875	1704.35
0.93875	1700.01
0.94875	1696.48
0.95875	1692.49
0.96875	1688.8
0.97875	1684.49
0.98875	1680.41
0.99875	1676.84
1.00875	1672.63
1.01875	1669.16
1.02875	1665.6
1.03887	1661.21
1.04888	1657.32
1.05888	1653.18
1.06875	1649.44
1.07875	1645.52
1.08875	1641.2
1.09875	1637.36
1.10875	1633.66
1.11875	1629.66
1.12875	1625.63
1.13875	1621.62
1.14875	1617.79
1.15875	1613.57
1.16875	1610.22
1.17863	1605.64
1.18863	1601.9
1.19863	1597.65
1.20863	1593.45
1.21863	1590.09
1.22862	1585.95
1.23862	1581.78
1.24862	1577.51
1.25862	1573.23
1.26863	1568.77
1.27863	1564.92
1.28863	1560.33
1.29863	1556.65
1.30862	1552.73
1.31862	1548.58
1.32862	1544.64
1.33862	1540.52
1.34862	1536.57
1.35862	1533.07
1.36862	1528.83
1.37862	1524.77
1.38862	1521.4
1.39863	1517.09
1.40875	1513.68
1.41875	1509.86
1.42875	1505.53
1.43875	1502.31
1.44875	1497.65
1.45875	1493.63
1.46875	1490.07
1.47875	1485.5
1.48875	1481.61
1.49875	1477.64
1.50875	1473.63
1.51875	1470.04
1.52875	1466.18
1.53887	1461.47
1.54888	1457.76
1.55888	1453.62
1.56875	1449.38
1.57875	1445.79
1.58875	1441.33
1.59875	1437.07
1.60875	1433.25
1.61875	1429.29
1.62875	1424.89
1.63875	1421.2
1.64875	1416.88
1.65875	1412.48
1.66875	1408.81
1.67863	1404.96
1.68863	1400.33
1.69863	1396.55
1.70863	1392.64
1.71863	1388.16
1.72862	1384.15
1.73862	1380.23
1.74862	1375.4
1.75862	1371.06
1.76863	1366.91
1.77863	1362.67
1.78863	1357.92
1.79863	1354.13
1.80862	1350.07
1.81862	1345.69
1.82862	1341.58
1.83862	1337.85
1.84862	1333.66
1.85862	1329.44
1.86862	1325.65
1.87862	1321.39
1.88862	1317.43
1.89863	1313.89
1.90875	1310.01
1.91875	1305.87
1.92875	1302.06
1.93875	1297.91
1.94875	1293.86
1.95875	1289.44
1.96875	1285.76
1.97875	1281.38
1.98875	1277.15
1.99875	1273.3
2.00875	1269.39
2.01875	1265.26
2.02875	1261.47
2.03887	1257.41
2.04887	1252.93
2.05888	1248.72
2.06875	1244.71
2.07875	1240.38
2.08875	1236.54
2.09875	1232.56
2.10875	1228.54
2.11875	1224.02
2.12875	1219.72
2.13875	1215.89
2.14875	1211.71
2.15875	1207.52
2.16863	1203.19
2.17862	1199.08
2.18863	1195.36
2.19863	1190.91
2.20863	1186.34
2.21863	1182.34
2.22863	1178.32
2.23863	1173.97
2.24863	1169.34
2.25863	1165.01
2.26862	1160.61
2.27862	1156.39
2.28862	1151.98
2.29862	1147.51
2.30862	1143.19
2.31862	1139.31
2.32863	1134.99
2.33862	1130.51
2.34863	1126.53
2.35862	1122.54
2.36863	1118.34
2.37862	1113.99
2.38863	1109.91
2.39863	1106.03
2.40875	1102.35
2.41875	1098.02
2.42875	1093.8
2.43875	1089.76
2.44875	1085.64
2.45875	1081.48
2.46875	1076.77
2.47875	1072.93
2.48875	1068.57
2.49875	1064.63
2.50875	1060.42
2.51875	1056.39
2.52875	1052.1
2.53887	1047.87
2.54887	1043.67
2.55888	1039.41
2.56875	1035.03
2.57875	1030.78
2.58875	1026.43
2.59875	1022.45
2.60875	1018.45
2.61875	1013.89
2.62875	1009.57
2.63875	1005.26
2.64875	1001.01
2.65875	996.767
2.66875	992.559
2.67862	988.399
2.68863	983.838
2.69863	979.635
2.70863	975.218
2.71863	970.818
2.72863	966.501
2.73863	961.844
2.74863	957.604
2.75862	953.035
2.76862	948.303
2.77862	943.558
2.78862	939.153
2.79862	934.525
2.80862	930.369
2.81862	926.015
2.8285	921.723
2.83862	917.424
2.84863	913.015
2.85862	908.774
2.86863	904.361
2.87862	900.145
2.88863	895.951
2.89863	891.874
2.90863	887.738
2.91863	883.536
2.92862	879.232
2.93863	874.856
2.94862	870.41
2.95863	866.102
2.96862	861.584
2.97863	857.528
2.98862	852.98
2.99863	848.592
3.00875	844.196
3.01875	840.119
3.02875	835.773
3.03875	831.415
3.04875	827.073
3.05875	822.568
3.06875	818.226
3.07875	813.649
3.08875	809.371
3.09862	804.81
3.10862	800.582
3.11862	796.056
3.12862	791.731
3.13862	787.246
3.14863	782.573
3.15862	778.382
3.16863	773.894
3.17862	769.611
3.18863	765.097
3.19863	760.373
3.20863	755.914
3.2185	751.395
3.2285	747.029
3.2385	742.418
3.2485	737.673
3.2585	732.747
3.2685	728.103
3.2785	723.206
3.2885	718.65
3.2985	714.233
3.3085	709.589
3.3185	705.117
3.3285	700.191
3.3385	696.14
3.3485	691.394
3.35862	686.96
3.36863	682.442
3.37862	677.962
3.38863	673.608
3.39863	669.476
3.40863	665.177
3.41862	660.583
3.42862	656.371
3.43863	651.513
3.44862	646.835
3.45863	642.481
3.46862	637.765
3.47863	632.94
3.48862	628.569
