3.4985	615.477
3.49388	615.208
3.48887	615.296
3.48387	615.296
3.47888	615.469
3.47388	615.515
3.46888	615.435
3.46375	615.208
3.45875	615.065
3.45375	615.195
3.44875	615.242
3.44375	615.401
3.43875	615.91
3.43375	616.654
3.42875	618.31
3.42375	620.201
3.41875	622.727
3.41375	625.35
3.40875	627.922
3.40375	629.939
3.39875	632.251
3.39375	634.319
3.38875	636.038
3.38375	638.101
3.37875	640.262
3.37375	643.048
3.36875	645.898
3.36375	648.424
3.35875	650.853
3.35375	653.038
3.34875	654.972
3.34375	657.065
3.33875	659.545
3.33375	662.171
3.32875	665.042
3.32375	667.938
3.31875	670.38
3.31375	672.889
3.30875	674.978
3.30375	676.924
3.29875	678.92
3.29375	680.963
3.28875	683.094
3.28375	685.447
3.27875	687.776
3.27375	690.209
3.26875	692.55
3.26375	694.584
3.25875	696.9
3.25375	699.401
3.24875	701.692
3.24375	704.007
3.23875	706.206
3.23375	708.45
3.22875	710.69
3.22375	712.699
3.21875	714.649
3.21375	716.65
3.20875	718.856
3.20375	721.265
3.19875	723.744
3.19375	726.01
3.18875	728.46
3.18375	730.591
3.17875	732.638
3.17375	734.722
3.16887	736.757
3.16387	738.682
3.15887	740.892
3.15388	742.956
3.14888	745.146
3.14387	747.176
3.13888	749.172
3.13387	751.21
3.12888	753.652
3.12387	755.653
3.11888	757.851
3.11387	760.213
3.10888	762.386
3.10387	764.71
3.09888	766.681
3.09387	768.669
3.08888	771.082
3.08387	773.566
3.07888	776.05
3.07387	778.87
3.06887	781.556
3.06388	784.481
3.05888	787.318
3.054	790.071
3.049	792.794
3.044	795.329
3.03887	797.934
3.03388	800.549
3.02887	802.73
3.02387	804.949
3.01887	806.946
3.01388	809.19
3.00887	811.266
3.00387	813.426
2.99887	815.654
2.99388	817.903
2.98888	820.26
2.98387	822.547
2.97888	824.447
2.97388	826.456
2.96888	828.204
2.96387	830.339
2.95887	832.348
2.95375	834.395
2.94875	836.442
2.94375	838.669
2.93875	840.645
2.93375	842.813
2.92875	844.814
2.92375	846.962
2.91875	849.467
2.91375	851.879
2.90875	854.22
2.90375	856.523
2.89875	858.57
2.89375	860.373
2.88875	862.214
2.88375	864.084
2.87875	866.06
2.87375	868.149
2.86875	870.422
2.86375	872.742
2.85875	875.104
2.85375	876.987
2.84875	879.114
2.84375	881.283
2.83875	883.51
2.83375	885.919
2.82875	888.159
2.82375	890.655
2.81875	892.925
2.81375	894.917
2.80875	896.93
2.80375	898.914
2.79875	900.978
2.79375	903.399
2.78875	905.567
2.78375	907.9
2.77875	910.073
2.77375	912.162
2.76875	914.255
2.76375	916.44
2.75875	918.718
2.75375	920.933
2.74875	923.333
2.74375	925.582
2.73875	927.696
2.73375	929.772
2.72875	931.466
2.72375	933.433
2.71875	935.484
2.71375	937.825
2.70875	939.968
2.70375	942.305
2.69875	944.247
2.69375	946.285
2.68875	948.282
2.68375	950.295
2.67887	952.501
2.67375	954.485
2.66887	956.666
2.66387	958.886
2.65888	960.84
2.65388	962.82
2.64888	964.627
2.64387	966.737
2.63888	968.59
2.63387	970.868
2.62888	972.986
2.62387	975.138
2.61888	977.454
2.61387	979.438
2.60888	981.565
2.60387	983.334
2.59888	985.297
2.59387	987.73
2.58887	989.962
2.58387	992.316
2.57888	994.669
2.57388	996.834
2.56887	999.393
2.56388	1002
2.55888	1004.84
2.554	1007.62
2.549	1010.37
2.544	1013.08
2.53887	1015.56
2.53388	1018.01
2.52887	1020.08
2.52387	1022.06
2.51887	1024.37
2.51388	1026.46
2.50887	1028.84
2.50387	1031.18
2.49887	1033.29
2.49388	1035.7
2.48888	1037.6
2.48387	1039.7
2.47888	1041.6
2.47388	1043.65
2.46888	1045.5
2.46375	1047.36
2.45887	1049.18
2.45375	1050.97
2.44875	1052.74
2.44375	1054.62
2.43875	1056.65
2.43375	1059
2.42875	1061.39
2.42375	1063.53
2.41875	1065.88
2.41375	1067.98
2.40875	1069.88
2.40375	1071.84
2.39875	1074.01
2.39375	1075.93
2.38875	1077.97
2.38375	1080.08
2.37875	1082.03
2.37375	1084.02
2.36875	1086.02
2.36375	1088.02
2.35875	1090.27
2.35375	1092.33
2.34875	1094.59
2.34375	1096.8
2.33875	1098.93
2.33375	1101.07
2.32875	1103
2.32375	1105.14
2.31875	1107.11
2.31375	1109.01
2.30875	1111.05
2.30375	1113.22
2.29875	1115.15
2.29375	1117.29
2.28875	1119.47
2.28375	1121.72
2.27875	1123.73
2.27375	1125.84
2.26875	1127.97
2.26375	1130.1
2.25875	1132.31
2.25375	1134.36
2.24875	1136.62
2.24375	1138.74
2.23875	1140.55
2.23375	1142.73
2.22875	1144.68
2.22375	1146.71
2.21875	1148.79
2.21375	1150.72
2.20875	1152.8
2.20375	1154.68
2.19875	1156.67
2.19375	1158.83
2.18875	1160.53
2.18375	1162.36
2.17875	1164.56
2.17375	1166.73
2.16887	1168.73
2.16387	1170.62
2.15888	1172.66
2.15387	1174.67
2.14888	1176.81
2.14387	1178.64
2.13888	1180.62
2.13387	1182.8
2.12888	1184.92
2.12387	1186.83
2.11888	1188.83
2.11387	1190.95
2.10888	1193.01
2.10387	1195.12
2.09888	1197.36
2.09387	1199.65
2.08887	1202.1
2.08387	1204.3
2.07888	1206.64
2.07388	1209.12
2.06887	1211.76
2.06388	1214.36
2.05888	1216.87
2.054	1219.48
2.049	1222.17
2.044	1224.56
2.03887	1226.42
2.03388	1228.47
2.02887	1230.78
2.02387	1232.87
2.01887	1234.95
2.01388	1237.04
2.00887	1239.32
2.00387	1241.42
1.99887	1243.25
1.99388	1245.3
1.98888	1247.61
1.98388	1249.48
1.97888	1251.77
1.97388	1253.59
1.96888	1255.74
1.96375	1257.59
1.95875	1259.13
1.95375	1260.9
1.94875	1262.86
1.94375	1264.75
1.93875	1266.97
1.93375	1268.98
1.92875	1271.12
1.92375	1273.32
1.91875	1275.35
1.91375	1277.3
1.90875	1279.22
1.90375	1281.36
1.89875	1283.35
1.89375	1285.13
1.88875	1286.81
1.88375	1288.5
1.87875	1290.63
1.87375	1292.72
1.86875	1294.55
1.86375	1296.7
1.85875	1298.75
1.85375	1300.82
1.84875	1302.94
1.84375	1305.16
1.83875	1307.13
1.83375	1309.5
1.82875	1311.2
1.82375	1313.57
1.81875	1315.43
1.81375	1317.51
1.80875	1319.47
1.80375	1321.43
1.79875	1323.53
1.79375	1325.92
1.78875	1327.7
1.78375	1329.86
1.77875	1331.86
1.77375	1333.67
1.76875	1335.95
1.76375	1338.17
1.75875	1339.71
1.75375	1341.9
1.74875	1344.08
1.74375	1345.93
1.73875	1347.69
1.73375	1349.76
1.72875	1351.44
1.72375	1353.64
1.71875	1355.48
1.71375	1357.4
1.70875	1359.46
1.70375	1361.65
1.69875	1363.11
1.69375	1365.16
1.68875	1367.22
1.68375	1369.26
1.67875	1371.3
1.67375	1373.39
1.66888	1375.04
1.66387	1377.36
1.65887	1379.2
1.65387	1381.12
1.64887	1383.37
1.64387	1385.38
1.63887	1387.03
1.63387	1389.23
1.62887	1391.23
1.62388	1393.01
1.61888	1394.88
1.61388	1397.25
1.60888	1399.14
1.60387	1401.3
1.59888	1403.39
1.59387	1405.31
1.58888	1407.72
1.58387	1409.81
1.57888	1411.99
1.57387	1414.66
1.56888	1416.88
1.56387	1419.87
1.55888	1422.64
1.554	1425.02
1.549	1427.82
1.544	1429.54
1.53887	1431.98
1.53388	1434.18
1.52887	1436.05
1.52388	1438.49
1.51887	1440.59
1.51388	1442.45
1.50887	1444.42
1.50388	1446.61
1.49887	1448.3
1.49388	1450.66
1.48887	1452.46
1.48388	1454.24
1.47887	1456.34
1.47387	1458.41
1.46887	1459.87
1.46387	1462.1
1.45888	1463.69
1.45375	1465.6
1.44875	1467.07
1.44375	1469.39
1.43875	1471.41
1.43375	1473.35
1.42875	1475.59
1.42375	1477.8
1.41875	1479.46
1.41375	1481.57
1.40875	1483.95
1.40375	1485.58
1.39875	1487.57
1.39375	1489.77
1.38875	1491.22
1.38375	1493.6
1.37875	1495.55
1.37375	1497.23
1.36875	1499.15
1.36375	1501.03
1.35875	1502.66
1.35375	1504.44
1.34875	1506.51
1.34375	1508.56
1.33875	1510.52
1.33375	1512.88
1.32875	1514.58
1.32375	1516.37
1.31875	1518.81
1.31375	1520.79
1.30875	1522.33
1.30375	1524.54
1.29875	1526.42
1.29375	1528.23
1.28875	1530.4
1.28375	1532.64
1.27875	1534.06
1.27375	1536.37
1.26875	1538.53
1.26375	1540.28
1.25875	1542.36
1.25375	1544.71
1.24875	1546.28
1.24375	1548.27
1.23875	1550.33
1.23375	1551.87
1.22875	1553.68
1.22375	1555.58
1.21875	1557.51
1.21375	1559.43
1.20875	1561.01
1.20375	1563.12
1.19875	1564.96
1.19375	1566.81
1.18875	1568.99
1.18375	1570.75
1.17888	1572.52
1.17375	1574.35
1.16887	1576.62
1.16387	1578.24
1.15887	1580.4
1.15387	1582.43
1.14887	1584.08
1.14387	1585.92
1.13887	1588.18
1.13387	1589.98
1.12888	1591.92
1.12388	1593.76
1.11888	1595.97
1.11388	1597.65
1.10888	1599.89
1.10387	1601.92
1.09888	1603.89
1.09387	1606.17
1.08888	1608.58
1.08387	1610.31
1.07888	1612.91
1.07387	1615.32
1.06888	1617.51
1.06387	1620.24
1.05888	1622.73
1.054	1624.95
1.049	1627.4
1.044	1629.59
1.03887	1631.64
1.03388	1633.94
1.02887	1635.82
1.02388	1637.88
1.01887	1640.13
1.01388	1642.27
1.00887	1643.93
1.00388	1646.06
0.998875	1647.89
0.993875	1650.02
0.988875	1651.57
0.983875	1654.05
0.978875	1655.75
0.973875	1657.72
0.968875	1659.82
0.96375	1661.22
0.958875	1662.99
0.95375	1664.43
0.94875	1666.42
0.94375	1667.94
0.93875	1670.05
0.93375	1672.1
0.92875	1674.22
0.92375	1676.03
0.91875	1677.81
0.91375	1680.04
0.90875	1681.84
0.90375	1683.74
0.89875	1685.66
0.89375	1687.64
0.88875	1689.31
0.88375	1691.41
0.87875	1693.49
0.87375	1695.5
0.86875	1697.11
0.86375	1698.98
0.85875	1701.09
0.85375	1703.1
0.84875	1704.99
0.84375	1706.54
0.83875	1708.61
0.83375	1710.57
0.82875	1712.39
0.82375	1714.33
0.81875	1716.37
0.81375	1717.99
0.80875	1719.54
0.80375	1721.84
0.79875	1723.68
0.79375	1725.24
0.78875	1727
0.78375	1729.28
0.77875	1731.31
0.77375	1732.87
0.76875	1735.01
0.76375	1737.03
0.75875	1738.65
0.75375	1740.62
0.74875	1742.66
0.74375	1744.58
0.73875	1746.3
0.73375	1747.99
0.72875	1750.37
0.72375	1752.03
0.71875	1753.79
0.71375	1756.03
0.70875	1757.59
0.70375	1759.19
0.69875	1761.2
0.69375	1763.43
0.68875	1765.2
0.68375	1766.94
0.67875	1768.48
0.67375	1771.08
0.668875	1772.93
0.663875	1774.15
0.658875	1776.44
0.653875	1778.39
0.648875	1780.23
0.643875	1781.73
0.638875	1784.08
0.633875	1785.85
0.628875	1787.69
0.623875	1789.66
0.618875	1791.7
0.613875	1793.38
0.608875	1795.22
0.603875	1797.52
0.598875	1799.48
0.593875	1801.61
0.588875	1803.97
0.583875	1806.5
0.578875	1808.48
0.573875	1811.34
0.568875	1813.81
0.563875	1815.81
0.558875	1819.03
0.554	1821.26
0.548875	1823.19
0.544	1825.59
0.538875	1827.47
0.533875	1829.33
0.528875	1831.25
0.523875	1833.77
0.518875	1834.99
0.513875	1836.92
0.508875	1839.34
0.503875	1841.27
0.498875	1842.98
0.493875	1844.85
0.488875	1847.09
0.483875	1849.16
0.478875	1850.47
0.473875	1852.46
0.468875	1854.78
0.46375	1856.16
0.458875	1857.79
0.45375	1860.05
0.44875	1861.86
0.44375	1863.33
0.43875	1865.32
0.43375	1867.77
0.42875	1869.94
0.42375	1871.54
0.41875	1873.97
0.41375	1875.97
0.40875	1877.51
0.40375	1879.37
0.39875	1881.4
0.39375	1883.35
0.38875	1884.91
0.38375	1886.85
0.37875	1888.86
0.37375	1890.74
0.36875	1892.36
0.36375	1893.92
0.35875	1896.23
0.35375	1897.94
0.34875	1899.77
0.34375	1902.08
0.33875	1904.03
0.33375	1905.74
0.32875	1907.47
0.32375	1910.01
0.31875	1911.69
0.31375	1913.23
0.30875	1915.71
0.30375	1917.65
0.29875	1919.32
0.29375	1920.7
0.28875	1923.28
0.28375	1924.95
0.27875	1926.67
0.27375	1928.56
0.26875	1930.97
0.26375	1933.01
0.25875	1934.1
0.25375	1936.43
0.24875	1938.5
0.24375	1940.21
0.23875	1941.72
0.23375	1943.62
0.22875	1945.81
0.22375	1947.52
0.21875	1949.1
0.21375	1950.99
0.20875	1953.26
0.20375	1954.98
0.19875	1956.36
0.19375	1959.02
0.18875	1961.03
0.18375	1962.88
0.17875	1964.64
0.17375	1966.65
0.168875	1968.81
0.163875	1970.37
0.158875	1972.14
0.153875	1974.22
0.148875	1976.29
0.143875	1977.71
0.138875	1980.07
0.133875	1982.14
0.128875	1984.1
0.123875	1985.96
0.118875	1987.54
0.113875	1990.31
0.108875	1991.72
0.103875	1993.88
0.098875	1996.16
0.093875	1997.67
0.088875	2000.14
0.083875	2002.03
0.078875	2004.67
0.073875	2006.73
0.068875	2009.15
0.063875	2012.32
0.058875	2013.87
0.054	2016.58
0.049	2019.01
0.044	2020.81
0.038875	2022.73
0.033875	2024.66
0.028875	2027.14
0.023875	2029.01
0.018875	2030.92
0.013875	2032.95
0.008875	2035.12
0.003875	2036.92
