-0.001	2043.09
0.003875	2042.93
0.008875	2043.04
0.013875	2043.1
0.018875	2042.96
0.023875	2042.89
0.028875	2042.91
0.033875	2042.95
0.038875	2042.88
0.044	2042.78
0.048875	2042.91
0.053875	2042.07
0.058875	2040.49
0.063875	2038.62
0.068875	2036.72
0.073875	2034.96
0.078875	2033.08
0.083875	2031.19
0.088875	2029.05
0.093875	2027.34
0.098875	2025.69
0.103875	2023.7
0.108875	2021.61
0.113875	2019.82
0.118875	2018.15
0.123875	2016.28
0.12875	2014.11
0.133875	2012.35
0.13875	2010.35
0.14375	2008.38
0.14875	2006.16
0.15375	2004.6
0.15875	2002.42
0.16375	2000.41
0.16875	1998.61
0.17375	1997.03
0.17875	1994.81
0.18375	1992.54
0.18875	1990.6
0.19375	1988.96
0.19875	1986.91
0.20375	1984.77
0.20875	1982.95
0.21375	1980.86
0.21875	1978.87
0.22375	1976.91
0.22875	1974.99
0.23375	1973.03
0.23875	1970.92
0.24375	1968.9
0.24875	1966.81
0.25375	1964.86
0.25875	1962.65
0.26375	1960.8
0.26875	1958.53
0.27375	1956.44
0.27875	1954.58
0.28375	1952.36
0.28875	1950.41
0.29375	1948.29
0.29875	1946.29
0.30375	1944.29
0.30875	1942.39
0.31375	1940.53
0.31875	1938.5
0.32375	1936.47
0.32875	1934.6
0.33375	1932.51
0.33875	1930.62
0.34375	1928.66
0.34875	1926.79
0.35375	1924.81
0.35875	1922.82
0.36375	1920.67
0.36875	1919.03
0.37375	1917.28
0.37875	1915.22
0.38375	1913.22
0.38875	1911.3
0.39375	1909.52
0.39875	1907.7
0.40375	1905.68
0.40875	1903.83
0.41375	1902.02
0.41875	1900.13
0.42375	1898.24
0.42875	1896.33
0.43375	1894.35
0.43875	1892.56
0.44375	1890.31
0.44875	1888.55
0.45375	1886.64
0.45875	1884.72
0.46375	1882.63
0.46875	1880.73
0.47375	1878.68
0.47875	1876.77
0.48375	1874.86
0.488875	1872.81
0.493875	1871.03
0.498875	1868.9
0.503875	1867.05
0.508875	1865.02
0.513875	1863.15
0.518875	1861.27
0.523875	1859.5
0.528875	1857.47
0.533875	1855.59
0.538875	1853.78
0.543875	1851.77
0.548875	1849.73
0.553875	1847.91
0.558875	1845.77
0.563875	1843.8
0.568875	1841.65
0.573875	1839.93
0.578875	1837.84
0.583875	1835.77
0.588875	1834.02
0.593875	1831.88
0.598875	1830.03
0.603875	1827.95
0.608875	1826.08
0.613875	1824.09
0.618875	1822.31
0.623875	1820.35
0.62875	1818.37
0.63375	1816.38
0.63875	1814.32
0.64375	1812.61
0.64875	1810.34
0.65375	1808.62
0.65875	1806.44
0.66375	1804.7
0.66875	1802.62
0.67375	1800.5
0.67875	1798.74
0.68375	1796.75
0.68875	1794.88
0.69375	1792.63
0.69875	1790.75
0.70375	1788.85
0.70875	1786.7
0.71375	1784.67
0.71875	1782.61
0.72375	1780.74
0.72875	1778.8
0.73375	1776.49
0.73875	1774.71
0.74375	1772.65
0.74875	1770.6
0.75375	1768.57
0.75875	1766.19
0.76375	1764.53
0.76875	1762.29
0.77375	1760.08
0.77875	1758.09
0.78375	1756.08
0.78875	1753.75
0.79375	1751.78
0.79875	1749.76
0.80375	1747.72
0.80875	1745.63
0.81375	1743.77
0.81875	1741.65
0.82375	1739.83
0.82875	1737.66
0.83375	1735.66
0.83875	1733.81
0.84375	1731.73
0.84875	1729.64
0.85375	1727.75
0.85875	1725.91
0.86375	1724.01
0.86875	1721.88
0.87375	1719.88
0.87875	1718.12
0.88375	1716.11
0.88875	1714.21
0.89375	1712.26
0.89875	1710.28
0.90375	1708.55
0.90875	1706.91
0.91375	1704.79
0.91875	1702.9
0.92375	1701.03
0.92875	1699.11
0.93375	1697.13
0.93875	1695.21
0.94375	1693.27
0.94875	1691.18
0.95375	1689.21
0.95875	1687.4
0.96375	1685.27
0.96875	1683.16
0.97375	1681.26
0.97875	1679.33
0.98375	1677.24
0.988875	1675.19
0.993875	1673.35
0.998875	1671.19
1.00388	1669.31
1.00887	1667.51
1.01388	1665.48
1.01887	1663.46
1.02388	1661.57
1.02887	1659.86
1.03388	1657.69
1.03887	1655.69
1.04388	1653.76
1.04888	1651.76
1.05387	1649.96
1.05888	1648.05
1.06387	1645.64
1.06888	1643.64
1.07387	1641.82
1.07888	1639.84
1.08387	1637.78
1.08888	1635.72
1.09387	1633.75
1.09888	1631.88
1.10387	1629.79
1.10888	1627.77
1.11388	1625.8
1.11888	1623.85
1.12388	1621.99
1.12875	1619.96
1.13387	1617.86
1.13875	1615.75
1.14375	1614.05
1.14875	1611.86
1.15375	1609.84
1.15875	1607.93
1.16375	1605.67
1.16875	1603.83
1.17375	1602.11
1.17875	1599.92
1.18375	1597.89
1.18875	1595.86
1.19375	1593.98
1.19875	1591.83
1.20375	1589.9
1.20875	1587.95
1.21375	1585.99
1.21875	1583.79
1.22375	1581.76
1.22875	1579.65
1.23375	1577.65
1.23875	1575.73
1.24375	1573.65
1.24875	1571.22
1.25375	1569.23
1.25875	1567.27
1.26375	1565.15
1.26875	1562.92
1.27375	1560.81
1.27875	1558.52
1.28375	1556.54
1.28875	1554.58
1.29375	1552.29
1.29875	1550.31
1.30375	1548.45
1.30875	1546.14
1.31375	1544.12
1.31875	1542.23
1.32375	1540.36
1.32875	1538.37
1.33375	1536.22
1.33875	1534.09
1.34375	1532.14
1.34875	1530.35
1.35375	1528.28
1.35875	1526.02
1.36375	1524.02
1.36875	1522.26
1.37375	1520.2
1.37875	1518.19
1.38375	1516.23
1.38875	1514.27
1.39375	1512.41
1.39875	1510.32
1.40375	1508.62
1.40875	1506.64
1.41375	1504.78
1.41875	1502.89
1.42375	1500.83
1.42875	1498.87
1.43375	1496.92
1.43875	1495
1.44375	1492.93
1.44875	1490.99
1.45375	1488.96
1.45875	1486.88
1.46375	1484.88
1.46875	1482.91
1.47375	1480.8
1.47875	1478.66
1.48375	1476.63
1.48887	1474.62
1.49388	1472.78
1.49887	1470.58
1.50388	1468.56
1.50887	1466.78
1.51388	1464.69
1.51887	1462.7
1.52388	1460.88
1.52887	1458.9
1.53388	1457.06
1.53887	1454.98
1.54388	1452.78
1.54888	1450.86
1.55387	1448.79
1.55888	1446.74
1.56387	1444.65
1.56888	1442.5
1.57387	1440.58
1.57888	1438.47
1.58387	1436.37
1.58888	1434.26
1.59387	1432.49
1.59888	1430.44
1.60387	1428.26
1.60888	1426.25
1.61388	1424.37
1.61888	1422.36
1.62388	1420.35
1.62875	1418.19
1.63387	1416.16
1.63875	1414.21
1.64375	1412.13
1.64875	1410.04
1.65375	1408.07
1.65875	1406.02
1.66375	1403.98
1.66875	1401.96
1.67375	1399.98
1.67875	1397.89
1.68375	1395.81
1.68875	1393.72
1.69375	1391.73
1.69875	1389.67
1.70375	1387.52
1.70875	1385.49
1.71375	1383.62
1.71875	1381.46
1.72375	1379.41
1.72875	1377.25
1.73375	1375.14
1.73875	1373
1.74375	1371.15
1.74875	1368.87
1.75375	1366.62
1.75875	1364.46
1.76375	1362.48
1.76875	1360.27
1.77375	1358
1.77875	1355.86
1.78375	1353.72
1.78875	1351.59
1.79375	1349.41
1.79875	1347.24
1.80375	1345.21
1.80875	1343.17
1.81375	1340.97
1.81875	1339.09
1.82375	1337.01
1.82875	1335.07
1.83375	1332.93
1.83875	1330.9
1.84375	1328.86
1.84875	1326.88
1.85375	1324.68
1.85875	1322.83
1.86375	1320.69
1.86875	1318.61
1.87375	1316.58
1.87875	1314.52
1.88375	1312.56
1.88875	1310.75
1.89375	1308.67
1.89875	1306.47
1.90375	1304.85
1.90875	1302.86
1.91375	1300.78
1.91875	1298.93
1.92375	1296.91
1.92875	1294.94
1.93375	1292.83
1.93875	1290.64
1.94375	1288.81
1.94875	1286.81
1.95375	1284.75
1.95875	1282.49
1.96375	1280.59
1.96875	1278.6
1.97375	1276.57
1.97875	1274.33
1.98375	1272.28
1.98888	1270.29
1.99388	1268.01
1.99887	1265.91
2.00387	1264.08
2.00887	1262.14
2.01388	1259.98
2.01887	1257.95
2.02387	1256.05
2.02887	1254.15
2.03388	1252.12
2.03887	1250.01
2.04388	1247.96
2.04887	1245.87
2.05388	1243.83
2.05888	1241.78
2.06388	1239.46
2.06887	1237.5
2.07388	1235.56
2.07888	1233.04
2.08387	1231.08
2.08887	1229.14
2.09387	1227.08
2.09888	1225.06
2.10387	1222.97
2.10888	1220.92
2.11387	1218.92
2.11888	1216.85
2.12387	1214.81
2.12875	1212.82
2.13375	1210.59
2.13875	1208.42
2.14375	1206.41
2.14875	1204.46
2.15375	1202.3
2.15875	1200.29
2.16375	1198.22
2.16875	1196.12
2.17375	1194.03
2.17875	1191.98
2.18375	1189.91
2.18875	1187.75
2.19375	1185.69
2.19875	1183.55
2.20375	1181.61
2.20875	1179.36
2.21375	1177.14
2.21875	1175.13
2.22375	1173.17
2.22875	1171.1
2.23375	1168.71
2.23875	1166.67
2.24375	1164.71
2.24875	1162.28
2.25375	1160
2.25875	1157.92
2.26375	1155.7
2.26875	1153.55
2.27375	1151.27
2.27875	1149.03
2.28375	1146.82
2.28875	1144.67
2.29375	1142.56
2.29875	1140.3
2.30375	1138.25
2.30875	1136.04
2.31375	1133.95
2.31875	1132.02
2.32375	1129.77
2.32875	1127.63
2.33375	1125.65
2.33875	1123.33
2.34375	1121.4
2.34875	1119.37
2.35375	1117.11
2.35875	1115.2
2.36375	1113.04
2.36875	1110.82
2.37375	1108.92
2.37875	1106.78
2.38375	1104.72
2.38875	1102.6
2.39375	1100.52
2.39875	1098.78
2.40375	1096.75
2.40875	1094.8
2.41375	1092.8
2.41875	1090.75
2.42375	1088.79
2.42875	1086.7
2.43375	1084.68
2.43875	1082.62
2.44375	1080.23
2.44875	1078.31
2.45375	1076.31
2.45875	1073.94
2.46375	1071.92
2.46875	1069.94
2.47375	1067.88
2.47875	1065.55
2.48375	1063.45
2.48888	1061.53
2.49388	1059.23
2.49887	1057.07
2.50387	1055.07
2.50887	1052.91
2.51388	1051.14
2.51887	1048.87
2.52387	1046.79
2.52887	1044.96
2.53388	1042.66
2.53887	1040.68
2.54388	1038.63
2.54887	1036.33
2.55388	1034.29
2.55888	1032.32
2.56388	1030.06
2.56887	1027.82
2.57388	1025.76
2.57888	1023.52
2.58387	1021.3
2.58887	1019.26
2.59387	1017.03
2.59888	1015.09
2.60387	1013.03
2.60888	1010.87
2.61387	1008.84
2.61888	1006.73
2.62387	1004.55
2.62875	1002.52
2.63387	1000.29
2.63875	997.931
2.64375	995.876
2.64875	993.825
2.65375	991.593
2.65875	989.567
2.66375	987.36
2.66875	985.276
2.67375	983.2
2.67875	980.985
2.68375	979.051
2.68875	976.693
2.69375	974.521
2.69875	972.444
2.70375	970.175
2.70875	968.065
2.71375	966.047
2.71875	963.618
2.72375	961.462
2.72875	959.323
2.73375	957.28
2.73875	954.943
2.74375	952.56
2.74875	950.505
2.75375	948.168
2.75875	945.945
2.76375	943.663
2.76875	941.217
2.77375	939.128
2.77875	936.837
2.78375	934.362
2.78875	932.109
2.79375	929.881
2.79875	927.612
2.80375	925.426
2.80875	923.165
2.81375	921.135
2.81875	918.962
2.82375	916.911
2.82875	914.612
2.83375	912.372
2.83875	910.207
2.84375	907.997
2.84875	905.832
2.85375	903.756
2.85875	901.713
2.86375	899.309
2.86875	897.224
2.87375	895.186
2.87875	892.937
2.88375	890.756
2.88875	888.667
2.89375	886.583
2.89875	884.485
2.90375	882.565
2.90875	880.501
2.91375	878.475
2.91875	876.306
2.92375	874.23
2.92875	871.935
2.93375	869.771
2.93875	867.901
2.94375	865.497
2.94875	863.336
2.95375	861.243
2.95875	858.923
2.96375	856.742
2.96875	854.51
2.97375	852.371
2.97875	850.139
2.98375	848.054
2.98888	845.659
2.99388	843.557
2.99887	841.519
3.00387	839.291
3.00887	836.921
3.01388	834.84
3.01887	832.802
3.02387	830.658
3.02887	828.519
3.03388	826.216
3.03887	824.173
3.04388	822.017
3.04887	819.743
3.05388	817.428
3.05888	815.343
3.06388	813.166
3.06887	810.934
3.07387	808.656
3.07888	806.302
3.08387	803.94
3.08888	801.944
3.09387	799.611
3.09888	797.451
3.10387	795.341
3.10888	793.231
3.11387	791.004
3.11888	788.957
3.12387	786.671
3.12875	784.447
3.13375	782.102
3.13875	779.862
3.14375	777.596
3.14875	775.318
3.15375	773.146
3.15875	770.964
3.16375	768.766
3.16875	766.69
3.17375	764.332
3.17875	762.058
3.18375	759.713
3.18875	757.86
3.19375	755.54
3.19875	753.156
3.20375	750.942
3.20875	748.668
3.21375	746.339
3.21875	744.225
3.22375	741.804
3.22875	739.51
3.23375	737.118
3.23875	734.949
3.24375	732.751
3.24875	730.398
3.25375	728.019
3.25875	725.795
3.26375	723.274
3.26875	721.017
3.27375	718.381
3.27875	715.99
3.28375	713.662
3.28875	711.169
3.29375	708.874
3.29875	706.588
3.30375	704.449
3.30875	702.255
3.31375	699.842
3.31875	697.623
3.32375	695.459
3.32875	693.067
3.33375	690.89
3.33875	688.406
3.34375	686.284
3.34875	684.174
3.35375	681.539
3.35875	679.542
3.36375	677.361
3.36875	675.032
3.37375	672.763
3.37875	670.607
3.38375	668.358
3.38875	666.215
3.39375	663.899
3.39875	661.814
3.40375	659.616
3.40875	657.586
3.41375	655.543
3.41875	653.219
3.42375	651.013
3.42875	648.844
3.43375	646.478
3.43875	644.191
3.44375	642.002
3.44875	639.732
3.45375	637.446
3.45875	634.911
3.46375	632.902
3.46875	630.448
3.47375	628.069
3.47875	625.875
3.48375	623.383
3.48887	621.147
3.49388	618.835
