3.4985	615.006
3.48875	615.242
3.47875	615.09
3.46875	615.015
3.45863	614.872
3.44862	614.952
3.43863	615.174
3.42862	616.196
3.41862	618.68
3.40863	623.328
3.39863	628.321
3.38863	633.869
3.37862	639.459
3.36863	644.271
3.35862	648.773
3.34863	653.089
3.33862	657.544
3.32863	662.34
3.31862	668.014
3.30863	673.977
3.29862	679.433
3.28862	684.602
3.27862	689.125
3.26862	692.697
3.25862	695.837
3.24863	699.657
3.23863	704.558
3.22863	710.232
3.21863	715.75
3.20863	721.227
3.19863	725.333
3.18863	728.952
3.17875	732.411
3.16875	735.853
3.15875	739.682
3.14875	743.847
3.13875	748.558
3.12875	753.959
3.11875	758.721
3.10875	763.126
3.09875	767.215
3.08875	770.952
3.07875	775.449
3.06875	780.9
3.05875	786.843
3.04875	792.992
3.03875	798.8
3.02875	803.772
3.01875	807.727
3.00875	811.607
2.99875	815.305
2.98875	819.172
2.97875	823.556
2.96875	828.481
2.95875	833.306
2.94862	837.955
2.93863	841.687
2.92862	845.407
2.91863	848.929
2.90863	852.762
2.89863	857.158
2.88863	861.806
2.87862	866.833
2.86863	871.675
2.85862	875.714
2.84863	879.585
2.83862	883.615
2.82863	887.919
2.81862	892.336
2.80862	896.665
2.79862	901.684
2.78862	906.437
2.77862	910.745
2.76862	914.511
2.75862	918.273
2.74863	922.467
2.73863	927.002
2.72863	931.693
2.71863	936.396
2.70863	941.099
2.69863	944.953
2.68863	948.538
2.67875	952.253
2.66875	956.107
2.65875	960.382
2.64875	964.623
2.63875	968.868
2.62875	973.352
2.61875	977.761
2.60875	981.497
2.59875	985.587
2.58875	990.017
2.57875	994.274
2.56875	999.532
2.55875	1005.38
2.54875	1010.85
2.53875	1015.77
2.52875	1020.56
2.51875	1024.95
2.50875	1028.78
2.49875	1033.21
2.48875	1037.3
2.47875	1041.54
2.46875	1046.25
2.45875	1050.1
2.44862	1053.75
2.43863	1057.47
2.42862	1061.21
2.41863	1065.27
2.40863	1069.2
2.39863	1073.76
2.38863	1078.34
2.37862	1082.45
2.36863	1086.31
2.35862	1090.58
2.34863	1094.66
2.33862	1098.63
2.32863	1102.58
2.31862	1107.37
2.30862	1111.96
2.29862	1115.72
2.28862	1119.79
2.27862	1123.68
2.26862	1127.52
2.25863	1131.58
2.24863	1136.31
2.23863	1140.55
2.22863	1145.48
2.21863	1149.98
2.20863	1152.74
2.19863	1156.48
2.18863	1161.05
2.17875	1164.71
2.16875	1168.29
2.15875	1172.54
2.14875	1177.45
2.13875	1181.2
2.12875	1184.24
2.11875	1188.67
2.10875	1193.3
2.09875	1197.32
2.08875	1201.73
2.07875	1207.04
2.06875	1212.41
2.05875	1217.66
2.04875	1222.54
2.03875	1226.66
2.02875	1231.01
2.01875	1235.07
2.00875	1238.65
1.99875	1243.31
1.98875	1247.96
1.97875	1251.91
1.96875	1256
1.95862	1259.32
1.94863	1263.6
1.93863	1267.42
1.92863	1270.54
1.91863	1275.14
1.90863	1279.74
1.89863	1283.15
1.88862	1287
1.87862	1291.11
1.86862	1294.67
1.85862	1298.89
1.84862	1302.89
1.83862	1306.53
1.82862	1311.47
1.81862	1316.29
1.80862	1320.14
1.79863	1324.31
1.78863	1327.79
1.77863	1331.82
1.76863	1335.51
1.75862	1339.55
1.74862	1344.46
1.73862	1348
1.72862	1352.11
1.71863	1356.44
1.70863	1359.31
1.69863	1362.79
1.68863	1367.39
1.67875	1371.44
1.66875	1375.68
1.65875	1379.74
1.64875	1383.74
1.63875	1387.39
1.62875	1391.28
1.61875	1395.02
1.60875	1399.04
1.59875	1403.71
1.58875	1407.99
1.57875	1412.5
1.56875	1417.63
1.55875	1422.82
1.54875	1428.3
1.53875	1432.25
1.52875	1436.27
1.51875	1441.29
1.50875	1444.81
1.49875	1448.37
1.48875	1452.75
1.47875	1456.75
1.46875	1460.34
1.45875	1464.51
1.44863	1467.5
1.43863	1471.83
1.42863	1476.16
1.41863	1479.94
1.40863	1484.23
1.39863	1488.18
1.38862	1492.44
1.37862	1496.43
1.36862	1499.32
1.35862	1503.93
1.34862	1507.38
1.33862	1510.72
1.32862	1515.45
1.31862	1519.88
1.30862	1523.75
1.29863	1527.76
1.28863	1531.51
1.27863	1535.1
1.26863	1539.36
1.25862	1543.08
1.24862	1546.99
1.23862	1551.79
1.22862	1555.37
1.21863	1558.57
1.20863	1561.99
1.19863	1565.9
1.18863	1569.76
1.17875	1573.68
1.16875	1578.03
1.15875	1582.01
1.14875	1585.72
1.13875	1589.62
1.12875	1592.99
1.11875	1597.06
1.10875	1600.99
1.09875	1605.36
1.08875	1610.07
1.07875	1614.68
1.06875	1619.5
1.05875	1624.36
1.04875	1629.34
1.03875	1632.95
1.02875	1637.05
1.01875	1641.83
1.00875	1645.39
0.99875	1649.17
0.98875	1652.94
0.97875	1656.91
0.96875	1661.14
0.958625	1664.4
0.948625	1667.93
0.938625	1671.85
0.928625	1675.19
0.918625	1678.86
0.908625	1683.18
0.898625	1687.29
0.888625	1691.32
0.878625	1695.2
0.868625	1698.9
0.858625	1702.57
0.848625	1705.83
0.838625	1709.9
0.828625	1713.89
0.818625	1718.37
0.808625	1721.89
0.798625	1725.32
0.788625	1729.46
0.778625	1732.89
0.768625	1736.62
0.758625	1740.83
0.748625	1744.98
0.738625	1748.92
0.728625	1752.41
0.718625	1756.28
0.708625	1759.7
0.698625	1763.24
0.688625	1767.37
0.67875	1771.24
0.66875	1775
0.65875	1778.84
0.64875	1782.72
0.63875	1786.2
0.62875	1789.93
0.61875	1793.68
0.60875	1798.07
0.59875	1801.88
0.58875	1806.3
0.57875	1811.13
0.56875	1815.55
0.55875	1820.44
0.54875	1824.55
0.53875	1828.68
0.52875	1832.72
0.51875	1836.2
0.50875	1840.12
0.49875	1843.75
0.48875	1847.67
0.47875	1851.46
0.46875	1855.15
0.458625	1858.9
0.448625	1862.51
0.438625	1865.99
0.428625	1870
0.418625	1874.24
0.408625	1877.83
0.398625	1881.2
0.388625	1885.23
0.378625	1889.32
0.368625	1892.03
0.358625	1895.87
0.348625	1899.66
0.338625	1903.66
0.328625	1907.64
0.318625	1911.53
0.308625	1915.74
0.298625	1919.31
0.288625	1922.97
0.278625	1926.77
0.268625	1930.56
0.258625	1934.13
0.248625	1938.12
0.238625	1941.61
0.228625	1945.47
0.218625	1948.95
0.208625	1953.01
0.198625	1956.41
0.188625	1960.52
0.17875	1964.52
0.16875	1968.54
0.15875	1972.06
0.14875	1976.09
0.13875	1979.61
0.12875	1983.83
0.11875	1987.21
0.10875	1991.36
0.09875	1995.92
0.08875	1999.85
0.07875	2004.54
0.06875	2009.02
0.05875	2013.92
0.04875	2019.13
0.03875	2022.3
0.02875	2026.9
0.01875	2030.38
0.00875	2034.52
