-0.0015	2041.5
0.008375	2041.37
0.0185	2041.47
0.0285	2041.27
0.0385	2041.36
0.0485	2041.39
0.0585	2038.65
0.0685	2035.42
0.0785	2031.79
0.088375	2027.98
0.098375	2024.44
0.108375	2020.23
0.118375	2016.98
0.128375	2013.12
0.138375	2009.63
0.148375	2005.54
0.158375	2001.77
0.168375	1997.43
0.178375	1993.83
0.18825	1989.97
0.19825	1985.98
0.20825	1982.13
0.21825	1978.23
0.22825	1974.06
0.23825	1970.31
0.24825	1966.53
0.25825	1962.21
0.26825	1958.67
0.27825	1954.3
0.28825	1950.05
0.29825	1946.11
0.30825	1941.96
0.31825	1938.21
0.32825	1933.49
0.33825	1930.16
0.34825	1925.98
0.35825	1922.84
0.36825	1918.63
0.37825	1915.02
0.38825	1910.95
0.39825	1907.05
0.408375	1903.59
0.418375	1900.03
0.428375	1896.48
0.438375	1892.14
0.448375	1888.54
0.458375	1884.1
0.468375	1880.74
0.478375	1876.44
0.488375	1872.64
0.498375	1869.07
0.508375	1865.14
0.518375	1861.67
0.5285	1857.79
0.5385	1853.93
0.5485	1850.12
0.5585	1846.2
0.5685	1842.08
0.578375	1838.21
0.588375	1834.13
0.598375	1830.01
0.608375	1826.51
0.618375	1822.41
0.628375	1819
0.638375	1815.01
0.648375	1811.36
0.658375	1807
0.668375	1803.27
0.678375	1799.28
0.68825	1794.94
0.69825	1791.47
0.70825	1787.11
0.71825	1783.67
0.72825	1779.35
0.73825	1775.3
0.74825	1771.4
0.75825	1766.98
0.76825	1763.25
0.77825	1759.2
0.78825	1754.79
0.79825	1750.59
0.80825	1746.21
0.81825	1742.4
0.82825	1738.38
0.83825	1734.29
0.84825	1730.42
0.85825	1726.28
0.86825	1722.41
0.87825	1718.83
0.88825	1714.71
0.89825	1711.03
0.908375	1707.12
0.918375	1703.64
0.928375	1699.91
0.938375	1696.04
0.948375	1691.84
0.958375	1687.97
0.968375	1683.71
0.978375	1679.76
0.988375	1676.07
0.998375	1671.87
1.00838	1668.31
1.01838	1664.46
1.0285	1660.55
1.0385	1656.64
1.0485	1652.63
1.0585	1648.94
1.0685	1644.84
1.0785	1640.75
1.08837	1636.52
1.09837	1632.54
1.10837	1628.74
1.11838	1624.44
1.12838	1621.16
1.13838	1617.48
1.14838	1612.95
1.15837	1609.52
1.16837	1605.03
1.17837	1601.29
1.18825	1597.39
1.19825	1593.15
1.20825	1589.54
1.21825	1585.25
1.22825	1581.21
1.23825	1577.3
1.24825	1573.05
1.25825	1568.62
1.26825	1564.82
1.27825	1560.17
1.28825	1556.08
1.29825	1552
1.30825	1547.56
1.31825	1543.63
1.32825	1539.74
1.33825	1535.36
1.34825	1531.63
1.35825	1527.8
1.36825	1523.53
1.37825	1519.93
1.38825	1515.58
1.39825	1511.84
1.40837	1508.09
1.41837	1504.1
1.42837	1500.69
1.43837	1496.78
1.44837	1492.78
1.45837	1488.59
1.46837	1484.2
1.47837	1479.96
1.48838	1476.36
1.49838	1472.42
1.50838	1468.13
1.51838	1464.68
1.5285	1460.25
1.5385	1456.27
1.5485	1452.82
1.5585	1448.44
1.5685	1444.21
1.5785	1440.27
1.58837	1435.82
1.59837	1431.98
1.60837	1427.9
1.61838	1423.67
1.62838	1419.94
1.63838	1416.03
1.64838	1411.71
1.65837	1407.9
1.66837	1403.89
1.67837	1399.2
1.68825	1395.63
1.69825	1391.44
1.70825	1387.11
1.71825	1383.22
1.72825	1379.12
1.73825	1375.12
1.74825	1370.47
1.75825	1366.27
1.76825	1362.13
1.77825	1357.45
1.78825	1353.46
1.79825	1349.22
1.80825	1344.96
1.81825	1340.37
1.82825	1336.53
1.83825	1332.56
1.84825	1328.12
1.85825	1324.26
1.86825	1320.49
1.87825	1316.32
1.88825	1312.42
1.89825	1308.37
1.90837	1304.44
1.91837	1300.64
1.92837	1296.77
1.93837	1292.74
1.94837	1288.64
1.95837	1284.37
1.96837	1279.99
1.97837	1275.92
1.98838	1271.84
1.99838	1267.61
2.00838	1263.78
2.01838	1259.97
2.02837	1256.06
2.0385	1251.85
2.0485	1247.82
2.0585	1243.65
2.0685	1239.31
2.07837	1234.92
2.08838	1230.93
2.09837	1226.77
2.10838	1222.51
2.11837	1218.42
2.12838	1214.41
2.13837	1210.35
2.14838	1206.48
2.15837	1202.15
2.16838	1197.96
2.17838	1193.84
2.18825	1189.48
2.19825	1185.37
2.20825	1181.12
2.21825	1177.05
2.22825	1172.52
2.23825	1168.42
2.24825	1164.06
2.25825	1160.1
2.26825	1155.49
2.27825	1151.16
2.28825	1146.61
2.29825	1142.29
2.30825	1138.17
2.31825	1133.8
2.32825	1129.4
2.33825	1125.11
2.34825	1120.86
2.35825	1116.57
2.36825	1112.43
2.37825	1108.36
2.38825	1104.49
2.39825	1100.27
2.40837	1096.47
2.41838	1092.59
2.42837	1088.55
2.43838	1084.46
2.44837	1080.25
2.45838	1075.93
2.46837	1071.39
2.47838	1067.19
2.48838	1062.68
2.49838	1058.56
2.50838	1054.74
2.51838	1050.68
2.5285	1046.38
2.5385	1042.33
2.5485	1038.31
2.5585	1034.12
2.5685	1029.65
2.5785	1025.25
2.58838	1020.76
2.59837	1016.53
2.60838	1012.17
2.61837	1008.23
2.62838	1004.12
2.63837	999.629
2.64838	995.552
2.65837	991.341
2.66838	986.999
2.67838	982.809
2.68825	978.362
2.69825	973.995
2.70825	969.704
2.71825	965.261
2.72825	960.932
2.73825	956.498
2.74825	952.014
2.75825	947.605
2.76825	943.007
2.77825	938.564
2.78825	933.992
2.79825	929.394
2.80825	924.972
2.81825	920.454
2.82825	916.18
2.83825	911.72
2.84825	907.143
2.85825	902.865
2.86825	898.511
2.87825	894.274
2.88825	890.029
2.89825	885.683
2.90837	881.522
2.91838	877.765
2.92837	873.797
2.93838	869.367
2.94837	865.11
2.95838	860.583
2.96837	856.074
2.97838	851.543
2.98838	847.046
2.99838	842.645
3.00838	838.438
3.01837	834.147
3.0285	830.15
3.0385	825.96
3.0485	821.458
3.0585	817.079
3.0685	812.569
3.0785	808.206
3.08838	803.802
3.09837	799.019
3.10838	794.534
3.11837	790.432
3.12838	786.065
3.13837	781.484
3.14838	777.189
3.15838	772.881
3.16838	768.266
3.17838	763.971
3.18825	759.616
3.19825	755.203
3.20825	750.588
3.21825	746.15
3.22825	741.502
3.23825	736.765
3.24825	732.129
3.25825	727.359
3.26825	722.584
3.27825	717.978
3.28825	713.346
3.29825	708.715
3.30825	703.877
3.31825	699.414
3.32825	694.87
3.33825	690.243
3.34825	685.847
3.35825	681.324
3.36825	676.73
3.37825	672.229
3.38825	667.694
3.39825	663.373
3.40837	658.99
3.41838	654.715
3.42837	650.538
3.43838	646.28
3.44837	641.892
3.45838	637.172
3.46837	632.385
3.47838	627.552
3.48838	622.719
