0	51.1794
-0.00075	52.2834
-0.002125	53.1572
-0.002875	53.6863
-0.004	54.052
-0.005	54.154
-0.00575	54.5038
-0.007125	54.4317
-0.007875	54.6954
-0.009	54.6656
-0.01	54.5812
-0.01075	55.1771
-0.012125	54.328
-0.012875	55.4391
-0.014	55.7309
-0.015	55.8979
-0.01575	56.7435
-0.017125	57.0195
-0.017875	56.6117
-0.019	56.8103
-0.02	56.8842
-0.02075	56.7752
-0.022125	57.1866
-0.022875	57.3711
-0.024	57.2956
-0.025	57.4889
-0.02575	57.1883
-0.027125	57.6964
-0.027875	59.1661
-0.029	59.2346
-0.03	59.741
-0.03075	59.7867
-0.032125	59.9343
-0.032875	60.0679
-0.034	60.2877
-0.035	61.3531
-0.03575	61.7662
-0.037125	61.9402
-0.037875	62.0053
-0.039	62.8368
-0.04	63.4838
-0.04075	63.9637
-0.042125	64.3311
-0.042875	64.3241
-0.044	64.4454
-0.045	64.5491
-0.045875	64.4894
-0.047125	64.4946
-0.047875	64.572
-0.049	65.117
-0.05	65.4334
-0.05075	65.7042
-0.052125	65.887
-0.052875	65.945
-0.054	66.1542
-0.055	66.2105
-0.055875	66.4074
-0.057125	66.4601
-0.057875	66.49
-0.059	67.0578
-0.06	68.677
-0.06075	69.1587
-0.062125	69.5384
-0.062875	70.1133
-0.064	70.3242
-0.065	70.7374
-0.065875	71.1839
-0.067125	71.5496
-0.067875	72.2018
-0.069	72.5182
-0.07	72.6044
-0.07075	72.8417
-0.072125	72.8364
-0.072875	73.0949
-0.074	73.3041
-0.075	73.2636
-0.075875	74.5171
-0.077125	74.1356
-0.077875	75.5262
-0.079	75.5244
-0.08	75.7495
-0.08075	75.0041
-0.082125	75.0902
-0.082875	75.0076
-0.084	76.5371
-0.085	76.4579
-0.085875	76.9185
-0.087125	76.6074
-0.087875	76.7621
-0.089	76.9256
-0.09	77.3721
-0.09075	78.9684
-0.092125	78.7434
-0.092875	79.5679
-0.094	79.2813
-0.095	80.148
-0.09575	80.3238
-0.097125	80.461
-0.097875	80.3555
-0.099	81.4507
-0.1	81.6072
-0.10075	81.6476
-0.102125	82.0168
-0.102875	81.6968
-0.104	82.3842
-0.105	83.8504
-0.10575	84.7066
-0.107125	84.9123
-0.107875	84.8138
-0.109	84.6872
-0.11	84.9738
-0.11075	85.0775
-0.112125	85.3939
-0.112875	85.7473
-0.114	85.7139
-0.115	85.9354
-0.11575	85.5363
-0.117125	85.9917
-0.117875	85.9882
-0.119	87.4719
-0.12	87.4086
-0.12075	88.0978
-0.122125	88.5496
-0.12275	88.5689
-0.127875	89.2282
-0.132875	90.5238
-0.137875	92.099
-0.142875	92.753
-0.147875	94.1752
-0.152875	95.7469
-0.157875	97.526
-0.16275	99.4212
-0.16775	100.849
-0.17275	102.164
-0.17775	103.415
-0.18275	105.592
-0.18775	106.265
-0.19275	110.01
-0.19775	111.485
-0.20275	114.783
-0.20775	117.276
-0.21275	119.257
-0.21775	120.523
-0.22275	123.174
-0.22775	124.587
-0.23275	127.047
-0.23775	127.671
-0.24275	129.297
-0.24775	130.716
-0.25275	131.66
-0.25775	133.775
-0.262625	134.437
-0.26775	135.246
-0.272625	137.428
-0.27775	139.395
-0.282625	141.976
-0.287625	144.115
-0.292625	145.353
-0.297625	147.216
-0.302625	150.275
-0.307625	150.743
-0.312625	152.768
-0.31775	154.757
-0.322625	157.313
-0.32775	158.287
-0.33275	159.533
-0.33775	161.233
-0.34275	163.872
-0.34775	165.771
-0.35275	170.227
-0.35775	174.204
-0.36275	174.71
-0.36775	177.226
-0.37275	178.56
-0.37775	180.487
-0.38275	183.635
-0.38775	185.176
-0.39275	186.42
-0.397875	187.881
-0.40275	190.263
-0.407875	191.951
-0.41275	195.351
-0.417875	196.244
-0.42275	197.48
-0.427875	199.454
-0.432875	203.011
-0.437875	203.257
-0.442875	207.207
-0.447875	209.605
-0.452875	211.27
-0.457875	212.191
-0.462875	213.882
-0.467875	215.536
-0.472875	216.799
-0.477875	218.399
-0.482875	219.234
-0.487875	222.264
-0.492875	224.805
-0.497875	226.419
-0.502875	228.129
-0.507875	230.262
-0.512875	232.048
-0.517875	232.842
-0.522875	234.411
-0.527875	234.498
-0.532875	236.144
-0.537875	238.751
-0.542875	241.634
-0.547875	243.192
-0.552875	245.715
-0.557875	246.645
-0.562875	249.194
-0.567875	250.619
-0.572875	252.033
-0.577875	253.037
-0.582875	254.911
-0.587875	257.122
-0.592875	258.708
-0.597875	259.388
-0.602875	260.533
-0.607875	263.597
-0.612875	265.149
-0.617875	267.133
-0.622875	269.409
-0.627875	269.736
-0.632875	271.392
-0.637875	274.17
-0.642875	275.979
-0.647875	278.21
-0.652875	279.957
-0.657875	281.466
-0.66275	283.966
-0.667875	285.85
-0.67275	287.649
-0.67775	289.612
-0.68275	291.95
-0.68775	292.768
-0.69275	294.188
-0.69775	296.85
-0.70275	297.435
-0.70775	300.064
-0.71275	301.361
-0.71775	303.866
-0.72275	304.659
-0.72775	306.605
-0.73275	308.098
-0.73775	311.289
-0.74275	313.388
-0.74775	315.046
-0.75275	315.879
-0.75775	316.417
-0.762625	317.545
-0.76775	320.578
-0.772625	321.397
-0.77775	324.156
-0.782625	326.624
-0.787625	328.514
-0.792625	331.024
-0.797625	335.154
-0.802625	337.311
-0.807625	339.215
-0.812625	340.057
-0.81775	342.921
-0.82275	344.582
-0.82775	346.765
-0.83275	349.156
-0.83775	351.674
-0.84275	353.195
-0.84775	355.338
-0.85275	357.54
-0.85775	358.136
-0.86275	359.81
-0.86775	360.503
-0.87275	363.598
-0.87775	365.121
-0.88275	367.946
-0.88775	369.447
-0.89275	371.06
-0.89775	373.377
-0.90275	375.927
-0.907875	377.518
-0.91275	379.071
-0.917875	383.656
-0.92275	384.77
-0.927875	385.721
-0.932875	388.668
-0.937875	390.777
-0.942875	392.768
-0.947875	394.021
-0.952875	395.742
-0.957875	398.27
-0.962875	400.749
-0.967875	402.185
-0.972875	405.089
-0.977875	407.925
-0.982875	410.321
-0.987875	412.586
-0.992875	413.786
-0.997875	414.929
-1.00287	417.176
-1.00787	418.192
-1.01287	420.564
-1.01787	422.642
-1.02287	423.385
-1.02787	426.428
-1.03287	428.909
-1.03787	431.087
-1.04287	431.727
-1.04787	434.485
-1.05288	436.045
-1.05788	437.845
-1.12275	458.417
-1.11813	458.417
-1.11312	458.417
-1.10813	458.417
-1.10312	458.417
-1.09813	458.417
-1.09312	458.417
-1.08813	458.417
-1.08312	458.417
-1.07812	458.417
-1.07312	458.417
-1.06812	458.417
-1.06312	458.417
-1.05812	458.417
-1.05313	458.417
-1.04812	458.417
-1.04313	458.417
-1.03812	458.417
-1.03313	458.417
-1.02812	458.417
-1.02313	458.417
-1.02313	458.417
-1.01812	458.417
-1.01812	458.417
-1.01312	458.417
-1.01312	458.417
-1.00812	458.417
-1.00312	458.417
-0.998125	458.417
-0.993125	458.417
-0.988125	458.417
-0.983125	458.417
-0.978125	458.417
-0.973125	458.417
-0.968125	458.417
-0.963125	458.417
-0.958125	458.417
-0.953	458.417
-0.948125	458.417
-0.943	458.417
-0.938125	458.417
-0.933	458.417
-0.928125	458.417
-0.923	458.417
-0.918	458.417
-0.913	458.417
-0.908	458.417
-0.903	458.417
-0.898	458.417
-0.893	458.417
-0.888	458.029
-0.883	458.125
-0.878	458.264
-0.873	458.693
-0.868	458.621
-0.863	458.823
-0.858	460.122
-0.853	460.035
-0.848	460.251
-0.843	460.689
-0.838	461.284
-0.833	461.072
-0.828	461.246
-0.823	460.437
-0.818	462.032
-0.812875	462.005
-0.807875	462.603
-0.802875	462.682
-0.797875	463.29
-0.792875	464.22
-0.787875	464.625
-0.782875	464.517
-0.778	465.428
-0.772875	465.831
-0.768	465.959
-0.762875	465.803
-0.758	466.216
-0.753	466.349
-0.748	465.486
-0.743	465.07
-0.738	465.539
-0.733	465.562
-0.728	466.087
-0.723	463.907
-0.718	463.389
-0.713	463.057
-0.708	462.417
-0.703	463.065
-0.698	463.331
-0.693	463.412
-0.688	461.81
-0.683	462.164
-0.678	462.698
-0.673	462.745
-0.668125	462.417
-0.663125	462.817
-0.658125	463.187
-0.653125	461.873
-0.648125	462.091
-0.643125	462.033
-0.638125	462.353
-0.633125	462.186
-0.628125	460.643
-0.623125	461.771
-0.618125	461.764
-0.613125	461.578
-0.608125	461.237
-0.603125	460.82
-0.598125	460.546
-0.593125	459.929
-0.588125	459.716
-0.583125	458.772
-0.578125	459.215
-0.573125	459.491
-0.568125	459.02
-0.563125	460.595
-0.558125	461.2
-0.553125	460.933
-0.548125	461.77
-0.543125	461.866
-0.538125	465.12
-0.533125	462.323
-0.528125	459.941
-0.523125	460.367
-0.518125	463.779
-0.513125	463.067
-0.508125	462.554
-0.503125	462.501
-0.498125	462.373
-0.493125	462.65
-0.488125	463.153
-0.483125	462.837
-0.478125	463.484
-0.473125	463.447
-0.468125	463.623
-0.463125	462.83
-0.458125	463.765
-0.453125	464.718
-0.448125	465.068
-0.443	466.284
-0.438125	463.769
-0.433	465.419
-0.428125	462.891
-0.423	463.104
-0.418	463.25
-0.413	464.027
-0.408	462.87
-0.403	462.919
-0.398	461.328
-0.393	463.461
-0.388	462.643
-0.383	461.88
-0.378	461.123
-0.373	461.548
-0.368	458.586
-0.363	460.096
-0.358	460.268
-0.353	459.245
-0.348	458.255
-0.343	459.319
-0.338	459.526
-0.333	458.285
-0.328	458.111
-0.322875	458.183
-0.318	457.705
-0.312875	458.732
-0.307875	458.451
-0.302875	458.444
-0.297875	458.732
-0.292875	458.737
-0.287875	458.999
-0.282875	458.442
-0.277875	458.767
-0.272875	460.08
-0.268	459.518
-0.262875	458.535
-0.258	458.89
-0.253	458.96
-0.248	458.779
-0.243	458.422
-0.238	458.345
-0.233	458.769
-0.228	458.67
-0.223	458.069
-0.218	458.438
-0.213	457.881
-0.208	458.155
-0.203	458.589
-0.198	459.303
-0.193	458.291
-0.188	460.339
-0.183	460.288
-0.178	458.771
-0.173	460.636
-0.168125	460.022
-0.163125	459.34
-0.158125	458.978
-0.153125	459.277
-0.148125	459.129
-0.143125	459.783
-0.138125	458.825
-0.133125	458.99
-0.128125	459.252
-0.123125	458.82
-0.118125	459.358
-0.113125	459.235
-0.108125	459.291
-0.103125	459.795
-0.098125	459.767
-0.093125	459.679
-0.088125	460.824
-0.083125	460.393
-0.078125	460.302
-0.073125	460.056
-0.068125	459.774
-0.063125	460.253
-0.058125	460.284
-0.053125	458.134
-0.048125	458.551
-0.043125	458.524
-0.038125	459.059
-0.033125	459.175
-0.028125	460.755
-0.023125	457.675
-0.018125	459.655
-0.013125	459.639
-0.008125	460.063
-0.003125	459.593
0.001875	459.291
0.006875	459.069
0.011875	458.473
0.016875	458.043
0.021875	460.043
0.026875	459.919
0.031875	458.95
0.036875	460.527
0.041875	459.841
0.047	456.993
0.051875	460.107
0.057	458.486
0.061875	458.273
0.067	459.347
0.072	459.205
0.077	459.37
0.082	459.291
0.087	459.639
0.092	458.521
0.097	459.207
0.102	458.357
0.107	458.83
0.112	457.902
0.117	458.739
0.122	457.45
0.127	457.923
0.132	458.588
0.137	457.208
0.142	458.192
0.147	458.166
0.152	458.015
0.157	457.976
0.162	458.533
0.167	458.301
0.172	458.931
0.177125	459.491
0.182	458.878
0.187125	458.681
0.192125	458.946
0.197125	458.901
0.202125	459.027
0.207125	457.962
0.212125	458.227
0.217125	458.825
0.222	457.631
0.227125	457.995
0.232	457.508
0.237125	459.442
0.242	457.331
0.247	457.322
0.252	456.508
0.257	458.196
0.262	456.71
0.267	458.482
0.272	455.339
0.277	456.615
0.282	455.84
0.287	456.554
0.292	455.562
0.297	455.963
0.302	455.601
0.307	456.313
0.312	455.608
0.317	456.13
0.322	456.184
0.327	456.193
0.331875	455.327
0.336875	456.344
0.341875	456.128
0.346875	456.301
0.351875	455.861
0.356875	455.618
0.361875	456.107
0.366875	455.284
0.371875	455.161
0.376875	455.348
0.381875	455.409
0.386875	455.594
0.391875	455.272
0.396875	454.783
0.401875	454.356
0.406875	454.94
0.411875	454.402
0.416875	454.813
0.421875	454.383
0.426875	454.217
0.431875	453.878
0.436875	453.254
0.441875	453.474
0.446875	452.278
0.451875	452.419
0.456875	451.542
0.461875	449.949
0.466875	449.525
0.471875	448.293
0.476875	447.76
0.481875	447.157
0.486875	446.586
0.491875	445.352
0.496875	444.729
0.501875	444.596
0.506875	446.231
0.511875	444.937
0.516875	444.719
0.521875	444.555
0.526875	443.912
0.531875	443.794
0.536875	441.544
0.541875	441.352
0.547	439.867
0.551875	439.206
0.557	439.03
0.561875	437.451
0.567	438.195
0.571875	435.811
0.577	435.624
0.582	433.503
0.587	433.054
0.592	433.678
0.597	432.191
0.602	431.467
0.607	429.062
0.612	428.524
0.617	426.655
0.622	424.978
0.627	425.646
0.632	426.423
0.637	424.12
0.642	424.415
0.647	424.022
0.652	420.785
0.657	419.669
0.662	420.279
0.667	420.885
0.672	420.609
0.677125	419.031
0.682	416.165
0.687125	415.033
0.692125	413.092
0.697125	413.498
0.702125	412.842
0.707125	410.367
0.712125	408.753
0.717125	408.623
0.722	405.401
0.727125	405.434
0.732	401.835
0.737125	403.488
0.742	401.371
0.747	397.665
0.752	398.824
0.757	394.9
0.762	394.787
0.767	392.017
0.772	390.825
0.777	389.832
0.782	388.068
0.787	388.397
0.792	385.648
0.797	386.349
0.802	381.947
0.807	381.43
0.812	379.291
0.817	377.793
0.822	376.437
0.827	374.924
0.831875	374.897
0.836875	371.81
0.841875	369.834
0.846875	369.057
0.851875	366.737
0.856875	366.255
0.861875	366.629
0.866875	363.628
0.871875	362.596
0.876875	361.31
0.881875	361.278
0.886875	358.822
0.891875	355.167
0.896875	355.07
0.901875	352.505
0.906875	349.717
0.911875	348.196
0.916875	346.637
0.921875	344.793
0.926875	342.778
0.931875	341.574
0.936875	339.923
0.941875	338.234
0.946875	337.26
0.951875	336.145
0.956875	334.607
0.961875	332.831
0.966875	332.561
0.971875	330.393
0.976875	328.85
0.981875	327.587
0.986875	323.329
0.991875	319.673
0.996875	315.809
1.00188	313.328
1.00687	312.377
1.01188	310.069
1.01687	309.986
1.02188	310.151
1.02687	307.817
1.03187	307.414
1.03687	306.252
1.04187	305.753
1.047	303.114
1.05187	302.249
1.057	302.349
1.06188	300.465
1.067	296.977
1.072	294.862
1.077	293.805
1.082	292.648
1.087	291.448
1.092	290.305
1.097	288.83
1.102	287.513
1.107	286.898
1.112	285.657
1.117	283.983
1.122	282.076
1.127	280.764
1.132	280.23
1.137	278.338
1.142	276.369
1.147	275.722
1.152	273.363
1.157	272.322
1.162	270.053
1.167	269.277
1.172	265.353
1.17712	264.239
1.182	262.813
1.18712	260.538
1.19213	259.049
1.19712	257.536
1.20213	256.249
1.20713	254.593
1.21213	252.94
1.21713	251.328
1.22213	249.646
1.22713	246.996
1.232	245.309
1.23713	243.294
1.242	241.71
1.247	239.222
1.252	237.549
1.257	236.17
1.262	233.839
1.267	231.656
1.272	229.687
1.277	228.293
1.282	227.684
1.287	226.408
1.292	223.852
1.297	221.243
1.302	220.155
1.307	217.36
1.312	215.276
1.317	214.714
1.322	212.274
1.327	210.291
1.33188	207.293
1.33688	205.403
1.34187	204.174
1.34688	202.708
1.35187	200.658
1.35688	198.524
1.36187	196.476
1.36688	194.804
1.37187	192.856
1.37688	191.735
1.38187	190.548
1.38688	189.416
1.39187	187.626
1.39688	187.686
1.40188	186.012
1.40688	183.284
1.41188	182.153
1.41688	180.455
1.42188	178.892
1.42687	177.057
1.43188	175.353
1.43687	173.397
1.44188	171.785
1.44687	171.122
1.45188	170.041
1.45688	169.111
1.46188	167.891
1.46688	165.461
1.47188	161.745
1.47688	159.461
1.48188	157.666
1.48688	155.838
1.49188	154.168
1.49688	152.439
1.50187	151.724
1.50687	150.114
1.51187	149.317
1.51687	147.345
1.52188	145.657
1.52687	145.072
1.53188	144.363
1.53687	143.623
1.54188	141.999
1.54688	141.065
1.55188	139.85
1.55688	134.931
1.56188	132.79
1.56688	129.019
1.57188	125.575
1.57688	123.638
1.58188	122.346
1.58688	121.839
1.59187	120.451
1.59688	119.925
1.60187	118.139
1.60688	116.919
1.61187	114.412
1.61688	112.796
1.62187	110.905
1.62688	108.496
1.63187	106.075
1.63688	103.86
1.64187	101.009
1.64688	98.8182
1.65188	97.0777
1.657	95.4428
1.66188	94.0715
1.667	92.6792
1.672	91.4222
1.677	89.8945
1.682	88.5865
1.687	86.5156
1.692	85.8317
1.697	85.0072
1.702	83.6324
1.707	81.8551
1.712	80.0285
1.717	78.7416
1.722	77.1981
1.727	76.0237
1.732	74.8019
1.737	72.0963
1.742	70.2047
1.747	69.1305
1.75187	68.1689
1.75687	66.8275
1.76187	65.6848
1.76687	64.9007
1.77188	63.4732
1.77687	62.5802
1.78188	61.1491
1.78687	58.8778
1.79188	53.8621
1.79688	51.2603
1.80188	49.0628
1.80688	45.5344
1.81188	39.1669
1.81688	33.1843
1.82188	29.6613
1.82688	25.871
1.83188	18.5383
