#H theta alpha
1.659 101.067855584777 9.41832286446333
1.664 100.906596674048 9.42744332862008
1.669 100.872647429684 9.41721981411146
1.674 100.769102234374 9.41752065837365
1.678875 100.768253503265 9.40263447093046
1.684 100.776740814356 9.38547883977472
1.688875 100.823421025356 9.36335307111065
1.693875 100.721573292264 9.36335307111065
1.698875 100.746186494428 9.34417472002511
1.703875 100.824269756466 9.31668691843304
1.708875 100.791169243211 9.30621088007719
1.713875 100.816631176484 9.28674933950263
1.718875 100.72581694781 9.28495351247346
1.723875 100.819177369811 9.25501889350772
1.728875 100.785228125447 9.24450947284309
1.733875 100.742791569992 9.23541922279
1.738875 100.740245376665 9.21997665271292
1.743875 100.587473777027 9.22785445737691
1.748875 100.717329636719 9.1919937447534
1.753875 100.668103232391 9.18381227818647
1.758875 100.633305256918 9.17346411562926
1.763875 100.703749938973 9.14651286509869
1.768875 100.595112357008 9.14754425844879
1.773875 100.614633172518 9.12861749829382
1.77875 100.629061601372 9.11079171738027
1.783875 100.637548912463 9.09310506437958
1.78875 100.618028096954 9.08044147136036
1.79375 100.71648090561 9.04895075160418
1.79875 100.567104230408 9.05638210426067
1.80375 100.57474281039 9.03897513487478
1.80875 100.444038219589 9.04356454433265
1.81375 100.478836195062 9.0218492737085
1.81875 100.477987463953 9.00584371352318
1.82375 100.363408764224 9.00776304101686
1.82875 100.352375259806 8.99330601048415
1.83375 100.327762057642 8.98085636723707
1.83875 100.449979337352 8.94516352448633
1.84375 100.543339759353 8.91381008510231
1.84875 100.515331632753 8.90195882684773
1.85375 100.411786437443 8.90202941521504
1.85875 100.343039217606 8.89666315482027
1.86375 100.326913326533 8.88280937504921
1.86875 100.437248370716 8.8485446097404
1.87375 100.571347885954 8.81026592135199
1.87875 100.578137734826 8.79238780168103
1.88375 100.648582416882 8.76426833180793
1.88875 100.567104230408 8.76082790261363
1.89375 100.711388518955 8.72041239336219
1.89875 100.624817945827 8.71767555570791
1.90375 100.769950965483 8.67699296995918
1.90875 100.663010845736 8.67764418865322
1.91375 100.689321510119 8.6563464849486
1.91875 100.72581694781 8.63318014429689
1.92375 100.70714486341 8.61928049733033
1.92875 100.707993594519 8.60193004373773
1.93375 100.628212870263 8.5981711707231
1.93875 100.670649425718 8.57386425162224
1.94375 100.670649425718 8.55668120687662
1.94875 100.632456525809 8.54581922005083
1.953875 100.658767190191 8.52365004990511
1.95875 100.610389516972 8.51488461547345
1.963875 100.570499154845 8.50371257396709
1.96875 100.626515408045 8.47729286818863
1.973875 100.705447401191 8.44589188989504
1.97875 100.671498156827 8.43466834684543
1.983875 100.472046346189 8.4505331612292
1.988875 100.458466648443 8.4352633353709
1.993875 100.427912328516 8.42298343827323
1.998875 100.356618915351 8.41747044049334
2.003875 100.47119761508 8.38016558992529
2.008875 100.339644293169 8.38506659958198
2.013875 100.303997586587 8.37338938149959
2.018875 100.250527526714 8.36484601663387
2.023875 100.18772142464 8.35787014647588
2.028875 100.259863568914 8.32757577857775
2.033875 100.17838538244 8.32377203329619
2.038875 100.167351878022 8.3076721520027
2.043875 100.154620911385 8.29195780848201
2.048875 100.208939702368 8.26457749059731
2.053875 100.236947828968 8.24152186525942
2.058875 100.299753931041 8.21229898133028
2.063875 100.320972208769 8.19036311694328
2.068875 100.232704173423 8.18764582365469
2.073875 100.27259453555 8.1623059811976
2.078875 100.332854444296 8.13323011288033
2.083875 100.356618915351 8.11062270177741
2.088875 100.258166106696 8.10965685783781
2.093875 100.198754929059 8.10169403814329
2.098875 100.302300124369 8.06456253131151
2.103875 100.342190486497 8.03876730488773
2.108875 100.387173235279 8.01187483043891
2.114 100.325215864315 8.00381732499922
2.118875 100.415181361879 7.96903248893654
2.124 100.520424019408 7.93030929224329
2.128875 100.54673468379 7.90685997437028
2.134 100.53739864159 7.88894068167717
2.139 100.521272750517 7.87277138047345
2.144 100.491567161698 7.8589203177685
2.149 100.455920455116 7.84632226900179
2.154 100.248830064495 7.86529157524015
2.159 100.364257495333 7.82454816252953
2.164 100.491567161698 7.78126420475124
2.169 100.453374261789 7.76890596321259
2.174 100.491567161698 7.74198966134309
2.178875 100.587473777027 7.70463199220677
2.184 100.464407766207 7.70767744878955
2.188875 100.48986969948 7.68348443301363
2.193875 100.570499154845 7.64817987564978
2.198875 100.623120483609 7.61789145382867
2.203875 100.615481903627 7.59926667612933
2.208875 100.648582416882 7.5726294717233
2.213875 100.642641299118 7.55344026135243
2.218875 100.689321510119 7.52381866945842
2.223875 100.681682930137 7.50484091821268
2.228875 100.562860574863 7.50759059877966
2.233875 100.596809819227 7.4803001746363
2.238875 100.581532659263 7.46259709697389
2.243875 100.693565165664 7.41952837249808
2.248875 100.529760061608 7.43131770737378
2.253875 100.474592539516 7.42125581204086
2.258875 100.635002719136 7.36815747818507
2.263875 100.691018972337 7.3357176144159
2.268875 100.663859576846 7.3199359992275
2.273875 100.603599668099 7.31087854475951
2.278875 100.543339759353 7.30163889171366
2.283875 100.550978339335 7.27870423721704
2.28875 100.500054472789 7.26804882872008
2.29375 100.545037221572 7.23719950406589
2.29875 100.559465650426 7.21237509408956
2.30375 100.511936708317 7.20053896988475
2.30875 100.484777312825 7.18420595399599
2.31375 100.481382388389 7.16286619353339
2.31875 100.540793566026 7.12828575095957
2.32375 100.672346887937 7.07820106656796
2.32875 100.688472779009 7.05220888655001
2.33375 100.656220996864 7.03655955499796
2.33875 100.573894079281 7.03145396144015
2.34375 100.458466648443 7.03349663462613
2.34875 100.532306254935 6.9948537393107
2.35375 100.670649425718 6.94175784636698
2.35875 100.856521538611 6.87769396673726
2.36375 100.808143865393 6.86488359458694
2.36875 100.803900209847 6.84229480570248
2.37375 100.898958094066 6.79698815795143
2.37875 100.871798698575 6.77924265351471
2.38375 101.088225131396 6.70552049479303
2.38875 101.044939844832 6.69108139655276
2.39375 101.054275887032 6.66435831670731
2.39875 101.002503289377 6.65166075665865
2.40375 100.898109362957 6.65114485485476
2.40875 100.894714438521 6.62699419411996
2.41375 100.82936214312 6.61738511335841
2.41875 100.769102234374 6.60648767066865
2.42375 100.85821900083 6.56015346129732
2.42875 100.846336765302 6.53743783674828
2.43375 100.690170241228 6.54940057170823
2.43875 100.667254501282 6.52932335389496
2.443875 100.615481903627 6.51531449713212
2.44875 100.605297130318 6.49263683929502
2.453875 100.584927583699 6.47103758570884
2.45875 100.561163112644 6.45139733835698
2.463875 100.501751935007 6.43896517898949
2.46875 100.523818943844 6.4078540179629
2.473875 100.606145861427 6.35990210498428
2.47875 100.460164110661 6.37023535940441
2.483875 100.420273748534 6.35269333789026
2.488875 100.500903203898 6.30516921009982
