-0.986125	547.752899408284
-0.981125	547.752899408284
-0.976125	547.752899408284
-0.971125	547.752899408284
-0.966125	547.752899408284
-0.961125	547.752899408284
-0.956125	547.752899408284
-0.951125	547.752899408284
-0.946125	547.752899408284
-0.94125	547.752899408284
-0.936125	547.752899408284
-0.93125	547.752899408284
-0.926125	547.752899408284
-0.921125	547.752899408284
-0.916125	547.752899408284
-0.911125	547.752899408284
-0.906125	547.752899408284
-0.901125	549.048047337278
-0.896125	549.048047337278
-0.891125	549.048047337278
-0.886125	549.048047337278
-0.881125	549.048047337278
-0.876	549.048047337278
-0.871125	549.048047337278
-0.866	549.048047337278
-0.861	549.048047337278
-0.856	549.048047337278
-0.851	549.048047337278
-0.846	549.048047337278
-0.841	549.048047337278
-0.836	549.048047337278
-0.831	549.048047337278
-0.826	549.048047337278
-0.821125	549.048047337278
-0.816	549.048047337278
-0.811125	549.048047337278
-0.806125	549.048047337278
-0.801125	549.048047337278
-0.796125	549.048047337278
-0.791125	549.048047337278
-0.786125	549.048047337278
-0.781125	549.048047337278
-0.776125	549.048047337278
-0.771125	549.048047337278
-0.766125	549.048047337278
-0.761125	549.048047337278
-0.756125	549.048047337278
-0.751125	549.048047337278
-0.746125	549.048047337278
-0.741125	549.048047337278
-0.736125	549.048047337278
-0.731125	549.048047337278
-0.726125	549.048047337278
-0.721125	549.048047337278
-0.716125	549.048047337278
-0.71125	549.048047337278
-0.70625	549.048047337278
-0.70125	549.048047337278
-0.69625	549.048047337278
-0.69125	549.048047337278
-0.68625	549.048047337278
-0.68125	549.048047337278
-0.67625	549.048047337278
-0.67125	549.048047337278
-0.66625	549.048047337278
-0.66125	549.048047337278
-0.65625	549.048047337278
-0.65125	549.048047337278
-0.64625	549.048047337278
-0.64125	549.048047337278
-0.63625	549.048047337278
-0.63125	549.048047337278
-0.62625	549.048047337278
-0.62125	549.048047337278
-0.61625	549.048047337278
-0.61125	549.048047337278
-0.60625	549.048047337278
-0.60125	549.048047337278
-0.59625	549.048047337278
-0.59125	549.048047337278
-0.58625	549.048047337278
-0.58125	549.048047337278
-0.57625	549.048047337278
-0.57125	549.048047337278
-0.56625	549.048047337278
-0.56125	549.048047337278
-0.556125	549.048047337278
-0.55125	549.048047337278
-0.546125	549.048047337278
-0.54125	549.048047337278
-0.536125	549.048047337278
-0.53125	549.048047337278
-0.526125	549.048047337278
-0.52125	549.048047337278
-0.516125	549.048047337278
-0.511125	549.048047337278
-0.506125	549.048047337278
-0.501125	549.048047337278
-0.496125	549.048047337278
-0.491125	549.048047337278
-0.486125	549.048047337278
-0.481125	549.048047337278
-0.476125	549.048047337278
-0.471125	549.048047337278
-0.466125	549.048047337278
-0.461125	549.048047337278
-0.456125	549.048047337278
-0.451125	549.048047337278
-0.446125	549.048047337278
-0.441125	549.048047337278
-0.436125	549.048047337278
-0.431125	549.048047337278
-0.426125	549.048047337278
-0.421125	549.048047337278
-0.416125	549.048047337278
-0.411125	549.048047337278
-0.406125	549.048047337278
-0.401125	549.048047337278
-0.396125	549.048047337278
-0.391125	549.048047337278
-0.386	549.048047337278
-0.381125	549.048047337278
-0.376	549.048047337278
-0.371125	549.048047337278
-0.366	549.048047337278
-0.361	549.048047337278
-0.356	549.048047337278
-0.351	549.048047337278
-0.346	549.048047337278
-0.341	549.048047337278
-0.336	549.048047337278
-0.331	549.048047337278
-0.326	549.048047337278
-0.321125	549.048047337278
-0.316	549.048047337278
-0.311125	549.048047337278
-0.306	549.048047337278
-0.301125	549.048047337278
-0.296125	549.048047337278
-0.291125	549.048047337278
-0.286125	549.048047337278
-0.281125	549.048047337278
-0.276125	549.048047337278
-0.271125	549.048047337278
-0.266125	549.048047337278
-0.261125	549.048047337278
-0.256125	549.048047337278
-0.251125	549.048047337278
-0.246125	549.048047337278
-0.241125	549.048047337278
-0.236125	549.048047337278
-0.231125	549.048047337278
-0.226125	549.048047337278
-0.221125	549.048047337278
-0.216125	549.048047337278
-0.21125	549.048047337278
-0.206125	549.048047337278
-0.20125	549.048047337278
-0.19625	549.048047337278
-0.19125	549.048047337278
-0.18625	549.048047337278
-0.18125	549.048047337278
-0.17625	549.048047337278
-0.17125	549.048047337278
-0.16625	549.048047337278
-0.16125	549.048047337278
-0.15625	549.048047337278
-0.15125	549.048047337278
-0.14625	549.048047337278
-0.14125	549.048047337278
-0.13625	549.048047337278
-0.13125	549.048047337278
-0.12625	549.048047337278
-0.12125	549.048047337278
-0.11625	549.048047337278
-0.11125	549.048047337278
-0.10625	549.048047337278
-0.10125	549.048047337278
-0.09625	549.048047337278
-0.09125	549.048047337278
-0.08625	549.048047337278
-0.08125	549.048047337278
-0.07625	549.048047337278
-0.07125	549.048047337278
-0.06625	549.048047337278
-0.06125	549.048047337278
-0.056125	549.048047337278
-0.05125	549.048047337278
-0.046125	549.048047337278
-0.04125	549.048047337278
-0.036125	549.048047337278
-0.03125	549.048047337278
-0.026125	549.048047337278
-0.02125	549.048047337278
-0.016125	549.048047337278
-0.011125	549.048047337278
-0.006125	549.048047337278
-0.001125	549.048047337278
0.003875	549.048047337278
0.008875	549.048047337278
0.013875	549.048047337278
0.018875	549.048047337278
0.023875	549.048047337278
0.028875	549.048047337278
0.033875	549.048047337278
0.038875	549.048047337278
0.043875	549.048047337278
0.048875	549.048047337278
0.053875	549.048047337278
0.058875	549.048047337278
0.063875	549.048047337278
0.068875	549.048047337278
0.073875	549.048047337278
0.078875	549.048047337278
0.083875	549.048047337278
0.088875	549.048047337278
0.093875	549.048047337278
0.098875	549.048047337278
0.103875	549.048047337278
0.108875	549.048047337278
0.114	549.048047337278
0.118875	549.048047337278
0.124	549.048047337278
0.128875	549.048047337278
0.134	549.048047337278
0.139	549.048047337278
0.144	549.048047337278
0.149	549.048047337278
0.154	549.048047337278
0.159	549.048047337278
0.164	549.048047337278
0.169	549.048047337278
0.174	549.048047337278
0.178875	549.048047337278
0.184	549.048047337278
0.188875	549.048047337278
0.193875	549.048047337278
0.198875	549.048047337278
0.203875	549.048047337278
0.208875	549.048047337278
0.213875	549.048047337278
0.218875	549.048047337278
0.223875	549.048047337278
0.228875	549.048047337278
0.233875	549.048047337278
0.238875	549.048047337278
0.243875	549.048047337278
0.248875	549.048047337278
0.253875	549.048047337278
0.258875	549.048047337278
0.263875	549.048047337278
0.268875	549.048047337278
0.273875	549.048047337278
0.278875	549.048047337278
0.283875	549.048047337278
0.28875	549.048047337278
0.29375	549.048047337278
0.29875	549.048047337278
0.30375	549.048047337278
0.30875	549.048047337278
0.31375	549.048047337278
0.31875	549.048047337278
0.32375	549.048047337278
0.32875	549.048047337278
0.33375	549.048047337278
0.33875	549.048047337278
0.34375	549.048047337278
0.34875	549.048047337278
0.35375	549.048047337278
0.35875	549.048047337278
0.36375	549.048047337278
0.36875	549.048047337278
0.37375	549.048047337278
0.37875	549.048047337278
0.38375	549.048047337278
0.38875	549.048047337278
0.39375	549.048047337278
0.39875	549.048047337278
0.40375	549.048047337278
0.40875	549.048047337278
0.41375	549.048047337278
0.41875	549.048047337278
0.42375	549.048047337278
0.42875	549.048047337278
0.43375	549.048047337278
0.43875	549.048047337278
0.443875	549.048047337278
0.44875	549.048047337278
0.453875	549.048047337278
0.45875	549.048047337278
0.463875	549.048047337278
0.46875	549.048047337278
0.473875	549.048047337278
0.47875	549.048047337278
0.483875	549.048047337278
0.488875	549.048047337278
0.493875	549.048047337278
0.498875	549.048047337278
0.503875	549.048047337278
0.508875	549.048047337278
0.513875	549.048047337278
0.518875	549.048047337278
0.523875	549.048047337278
0.528875	549.048047337278
0.533875	549.048047337278
0.538875	549.048047337278
0.543875	549.048047337278
0.548875	549.048047337278
0.553875	549.048047337278
0.558875	549.048047337278
0.563875	549.048047337278
0.568875	549.048047337278
0.573875	549.048047337278
0.578875	549.048047337278
0.583875	549.048047337278
0.588875	549.048047337278
0.593875	549.048047337278
0.598875	549.048047337278
0.603875	549.048047337278
0.608875	549.048047337278
0.614	549.048047337278
0.618875	549.048047337278
0.624	549.048047337278
0.628875	549.048047337278
0.634	549.048047337278
0.639	549.048047337278
0.644	549.048047337278
0.649	549.048047337278
0.654	549.048047337278
0.659	549.048047337278
0.664	549.048047337278
0.669	549.048047337278
0.674	549.048047337278
0.678875	549.048047337278
0.684	549.048047337278
0.688875	549.048047337278
0.693875	549.048047337278
0.698875	549.048047337278
0.703875	549.048047337278
0.708875	549.048047337278
0.713875	549.048047337278
0.718875	549.048047337278
0.723875	549.048047337278
0.728875	549.048047337278
0.733875	549.048047337278
0.738875	549.048047337278
0.743875	549.048047337278
0.748875	549.048047337278
0.753875	549.048047337278
0.758875	549.048047337278
0.763875	549.048047337278
0.768875	549.048047337278
0.773875	549.048047337278
0.778875	549.048047337278
0.783875	549.048047337278
0.78875	549.048047337278
0.79375	549.048047337278
0.79875	549.048047337278
0.80375	549.048047337278
0.80875	549.048047337278
0.81375	549.048047337278
0.81875	549.048047337278
0.82375	549.048047337278
0.82875	549.048047337278
0.83375	549.048047337278
0.83875	549.048047337278
0.84375	549.048047337278
0.84875	549.048047337278
0.85375	549.048047337278
0.85875	549.048047337278
0.86375	549.048047337278
0.86875	549.048047337278
0.87375	549.048047337278
0.87875	549.048047337278
0.88375	549.048047337278
0.88875	549.048047337278
0.89375	549.048047337278
0.89875	549.048047337278
0.90375	549.048047337278
0.90875	549.048047337278
0.91375	549.048047337278
0.91875	549.048047337278
0.92375	549.048047337278
0.92875	549.048047337278
0.93375	549.048047337278
0.93875	549.048047337278
0.943875	549.048047337278
0.94875	549.048047337278
0.953875	549.048047337278
0.95875	549.048047337278
0.963875	549.048047337278
0.96875	549.048047337278
0.973875	549.048047337278
0.97875	549.048047337278
0.983875	549.048047337278
0.988875	549.048047337278
0.993875	549.048047337278
0.998875	549.048047337278
1.003875	549.048047337278
1.008875	549.048047337278
1.013875	549.048047337278
1.018875	549.048047337278
1.023875	549.048047337278
1.028875	549.048047337278
1.033875	549.048047337278
1.038875	549.048047337278
1.043875	549.048047337278
1.048875	549.048047337278
1.053875	549.048047337278
1.058875	549.048047337278
1.063875	549.048047337278
1.068875	549.048047337278
1.073875	549.048047337278
1.078875	549.048047337278
1.083875	549.048047337278
1.088875	549.048047337278
1.093875	549.048047337278
1.098875	549.048047337278
1.103875	549.048047337278
1.108875	549.048047337278
1.114	549.048047337278
1.118875	549.048047337278
1.124	549.048047337278
1.129	549.048047337278
1.134	549.048047337278
1.139	549.048047337278
1.144	549.048047337278
1.149	549.048047337278
1.154	549.048047337278
1.159	549.048047337278
1.164	549.048047337278
1.169	549.048047337278
1.174	549.048047337278
1.178875	549.048047337278
1.184	549.048047337278
1.188875	549.048047337278
1.194	549.048047337278
1.198875	549.048047337278
1.203875	549.048047337278
1.208875	549.048047337278
1.213875	549.048047337278
1.218875	549.048047337278
1.223875	549.048047337278
1.228875	549.048047337278
1.233875	549.048047337278
1.238875	549.048047337278
1.243875	549.048047337278
1.248875	549.048047337278
1.253875	549.048047337278
1.258875	549.048047337278
1.263875	549.048047337278
1.268875	549.048047337278
1.273875	549.048047337278
1.278875	549.048047337278
1.283875	549.048047337278
1.28875	549.048047337278
1.293875	549.048047337278
1.29875	549.048047337278
1.30375	549.048047337278
1.30875	549.048047337278
1.31375	549.048047337278
1.31875	549.048047337278
1.32375	549.048047337278
1.32875	549.048047337278
1.33375	549.048047337278
1.33875	549.048047337278
1.34375	549.048047337278
1.34875	549.048047337278
1.35375	549.048047337278
1.35875	549.048047337278
1.36375	549.048047337278
1.36875	549.048047337278
1.37375	549.048047337278
1.37875	549.048047337278
1.38375	549.048047337278
1.38875	549.048047337278
1.39375	549.048047337278
1.39875	549.048047337278
1.40375	549.048047337278
1.40875	549.048047337278
1.41375	549.048047337278
1.41875	549.048047337278
1.42375	549.048047337278
1.42875	549.048047337278
1.43375	549.048047337278
1.43875	549.048047337278
1.443875	549.048047337278
1.44875	549.048047337278
1.453875	549.048047337278
1.45875	549.048047337278
1.463875	549.048047337278
1.46875	549.048047337278
1.473875	549.048047337278
1.47875	549.048047337278
1.483875	549.048047337278
1.488875	549.048047337278
1.493875	549.048047337278
1.498875	549.048047337278
1.503875	549.048047337278
1.508875	549.048047337278
1.513875	549.048047337278
1.518875	549.048047337278
1.523875	549.048047337278
1.528875	549.048047337278
1.533875	549.048047337278
1.538875	549.048047337278
1.543875	549.048047337278
1.548875	549.048047337278
1.553875	549.048047337278
1.558875	549.048047337278
1.563875	549.048047337278
1.568875	549.048047337278
1.573875	549.048047337278
1.578875	549.048047337278
1.583875	549.048047337278
1.588875	549.048047337278
1.593875	549.048047337278
1.598875	549.048047337278
1.603875	549.048047337278
1.608875	549.048047337278
1.613875	549.048047337278
1.618875	549.048047337278
1.624	549.048047337278
1.628875	549.048047337278
1.634	545.07550295858
1.639	544.132544378698
1.644	543.549349112426
1.649	543.235029585799
1.654	540.171360946746
1.659	538.414201183432
1.664	539.448047337278
1.669	538.289230769231
1.674	538.323313609468
1.678875	536.638106508876
1.684	534.699171597633
1.688875	532.203550295858
1.693875	532.203550295858
1.698875	530.044970414201
1.703875	526.958579881657
1.708875	525.784615384615
1.713875	523.607100591716
1.718875	523.406390532544
1.723875	520.066272189349
1.728875	518.896094674556
1.733875	517.884970414201
1.738875	516.169467455621
1.743875	517.04426035503
1.748875	513.067928994083
1.753875	512.162840236686
1.758875	511.019171597633
1.763875	508.046390532544
1.768875	508.16
1.773875	506.077159763314
1.77875	504.119289940828
1.783875	502.180355029586
1.78875	500.794319526627
1.79375	497.35573964497
1.79875	498.166153846154
1.80375	496.268875739645
1.80875	496.76875739645
1.81375	494.405680473373
1.81875	492.667455621302
1.82375	492.87573964497
1.82875	491.307928994083
1.83375	489.959763313609
1.83875	486.104615384615
1.84375	482.730414201183
1.84875	481.45798816568
1.85375	481.465562130177
1.85875	480.889940828402
1.86375	479.405443786982
1.86875	475.743431952663
1.87375	471.668639053254
1.87875	469.771360946746
1.88375	466.794792899408
1.88875	466.43124260355
1.89375	462.170887573964
1.89875	461.883076923077
1.90375	457.615147928994
1.90875	457.683313609467
1.91375	455.456568047337
1.91875	453.040473372781
1.92375	451.593846153846
1.92875	449.79124260355
1.93375	449.401183431953
1.93875	446.882840236686
1.94375	445.10674556213
1.94875	443.985798816568
1.953875	441.70224852071
1.95875	440.800946745562
1.963875	439.65349112426
1.96875	436.945798816568
1.973875	433.738224852071
1.97875	432.594556213018
1.983875	434.211597633136
1.988875	432.655147928994
1.993875	431.405443786982
1.998875	430.844970414201
2.003875	427.061775147929
2.008875	427.557869822485
2.013875	426.376331360947
2.018875	425.512899408284
2.023875	424.808520710059
2.028875	421.756213017751
2.033875	421.373727810651
2.038875	419.756686390533
2.043875	418.181301775148
2.048875	415.443313609467
2.053875	413.144615384615
2.058875	410.24
2.063875	408.066272189349
2.068875	407.797396449704
2.073875	405.294201183432
2.078875	402.43124260355
2.083875	400.212071005917
2.088875	400.117396449704
2.093875	399.337278106509
2.098875	395.709349112426
2.103875	393.198579881657
2.108875	390.589349112426
2.114	389.809230769231
2.118875	386.450177514793
2.124	382.727573964497
2.128875	380.481893491124
2.134	378.770177514793
2.139	377.228875739645
2.144	375.91100591716
2.149	374.714319526627
2.154	376.516923076923
2.159	372.650414201183
2.164	368.56426035503
2.169	367.401656804734
2.174	364.87573964497
2.178875	361.384142011834
2.184	361.668165680473
2.188875	359.414911242604
2.193875	356.139171597633
2.198875	353.340591715976
2.203875	351.625088757396
2.208875	349.178698224852
2.213875	347.421538461538
2.218875	344.717633136095
2.223875	342.990769230769
2.228875	343.240710059172
2.233875	340.764023668639
2.238875	339.162130177515
2.243875	335.280473372781
2.248875	336.340828402367
2.253875	335.43573964497
2.258875	330.679289940828
2.263875	327.789822485207
2.268875	326.388639053254
2.273875	325.585798816568
2.278875	324.767810650888
2.283875	322.741775147929
2.28875	321.802603550296
2.29375	319.091124260355
2.29875	316.917396449704
2.30375	315.883550295858
2.30875	314.459644970414
2.31375	312.604023668639
2.31875	309.608520710059
2.32375	305.295147928994
2.32875	303.068402366864
2.33375	301.731597633136
2.33875	301.296094674556
2.34375	301.470295857988
2.34875	298.183195266272
2.35375	293.695621301775
2.35875	288.325680473373
2.36375	287.25775147929
2.36875	285.379408284024
2.37375	281.630295857988
2.37875	280.168520710059
2.38375	274.135857988166
2.38875	272.961893491124
2.39375	270.79573964497
2.39875	269.769467455621
2.40375	269.727810650888
2.40875	267.781301775148
2.41375	267.00875739645
2.41875	266.133964497041
2.42375	262.430295857988
2.42875	260.623905325444
2.43375	261.574437869822
2.43875	259.980118343195
2.443875	258.870532544379
2.44875	257.079289940828
2.453875	255.378934911243
2.45875	253.837633136095
2.463875	252.864378698225
2.46875	250.436923076923
2.473875	246.718106508876
2.47875	247.517159763314
2.483875	246.161420118343
2.488875	242.506982248521
2.493875	239.356213017751
