#H theta alpha
0 174.44235742872 2.88813110515919
-0.00999999999999998 174.433870117629 2.98836753077051
-0.02 174.280249786882 3.13558638059223
-0.03 174.092680211771 3.28917388354403
-0.04 174.213200029263 3.33658868934018
-0.05 174.219141147027 3.42052429957984
-0.059875 174.217443684808 3.50400488218305
-0.069875 174.172460936026 3.60033162009291
-0.079875 174.07485685848 3.71055500121346
-0.089875 173.903413174441 3.84040679846764
-0.099875 173.896623325569 3.91879623741831
-0.109875 173.815993870204 4.01710844991759
-0.119875 173.860127887877 4.07786472767774
-0.129875 173.786288281385 4.17115471911033
-0.139875 173.657281152802 4.27829599314207
-0.149875 173.620785715111 4.35819642338429
-0.16 173.68783547273 4.4094350840378
-0.17 173.62163444622 4.49505416203279
-0.18 173.787137012495 4.51799447323744
-0.19 173.846548190132 4.56876195164155
-0.2 173.802414172458 4.64616019978878
-0.21 173.720087254876 4.73234992528502
-0.22 173.646247648384 4.81532033585274
-0.23 173.653037497257 4.87672786766223
-0.24 173.767616196985 4.91029946765907
-0.250125 173.780347163622 4.9698892829132
-0.260125 173.758280154785 5.03676759198749
-0.270125 173.694625321603 5.11314921910562
-0.280125 173.722633448203 5.16648264822881
-0.290125 173.786288281385 5.210575500681
-0.300125 173.796473054695 5.26711315228356
-0.310125 173.845699459023 5.3137564488869
-0.320125 173.880497434496 5.36359772227358
-0.330125 173.883892358932 5.42041289096416
-0.340125 173.865220274532 5.48195491325184
-0.350125 173.980647705369 5.51183014677773
-0.360125 174.049394925207 5.55223309536886
-0.370125 174.068915740716 5.60366692569857
-0.380125 174.107957371735 5.6502119859417
-0.390125 174.12153706948 5.70215672547834
-0.400125 174.034966496352 5.77643179335638
-0.410125 174.03666395857 5.83020733364142
-0.420125 174.040058883007 5.88303557146831
-0.43 173.950942116551 5.95545122414315
-0.440125 173.988286285351 6.0006648184858
-0.45 173.906808098878 6.07026273738689
-0.46 173.817691332422 6.14134512225503
-0.47 173.851060857365 6.18601249776199
-0.48 173.93842371009 6.21859409874983
-0.49 173.936407644258 6.26989148937719
-0.5 173.916246985937 6.32478629071329
-0.51 173.995545575334 6.35833924882557
-0.52 173.967320653684 6.41435867323043
-0.53 173.971352785348 6.46315793021809
-0.54 173.889366108175 6.52936363923166
-0.55 173.821491891827 6.59222862830817
-0.559875 173.804691343226 6.6436430685942
-0.569875 173.718672534389 6.70931812613517
-0.579875 173.683727393299 6.76417393904047
-0.589875 173.72539275383 6.80349755046619
-0.599875 173.708592205229 6.8541121719069
-0.609875 173.696495810236 6.90353285200118
-0.619875 173.664238756922 6.95676837947409
-0.629875 173.711280293005 6.99397637809426
-0.639875 173.695823788292 7.04328735522097
-0.649875 173.748913521871 7.07885433306752
-0.66 173.769746202136 7.12130499721527
-0.67 173.792594948234 7.16240376471536
-0.68 173.754289697423 7.21505419942559
-0.69 173.755633741311 7.25996089339944
-0.7 173.775122377689 7.30108121942549
-0.71 173.649454274153 7.36938813544585
-0.72 173.776466421577 7.38982634915688
-0.73 173.69380772246 7.44949150229491
-0.74 173.726064775774 7.4873310778955
-0.750125 173.810739540723 7.51593409602209
-0.760125 173.808051452947 7.55999653953254
-0.770125 173.788562816569 7.60690140671573
-0.780125 173.724720731886 7.66177499933331
-0.790125 173.724720731886 7.70463246321296
-0.800125 173.820819869883 7.72979685806922
-0.810125 173.90011845928 7.75794990046988
-0.820125 173.926327315098 7.79555527524856
-0.830125 173.826196045436 7.85583241514794
-0.840125 173.862485230414 7.89131853831272
-0.850125 173.831572220988 7.93872615778629
-0.860125 173.840980528205 7.97869189257297
-0.870125 173.915574963993 8.00684633946856
-0.880125 173.888694086231 8.05284338554419
-0.890125 173.961272456188 8.08118677435911
-0.900125 173.939767753979 8.12596529921613
-0.910125 173.927671358986 8.16889561096686
-0.920125 173.988825355893 8.19882004762892
-0.93 174.044603177249 8.22917134700981
-0.94 174.052667440577 8.26810152639509
-0.95 174.072156076954 8.3049406644396
-0.96 174.078876296395 8.34382280827108
-0.97 174.101725042492 8.37984779288092
-0.98 174.099036954716 8.41998936576234
-0.99 174.046619243081 8.46849815491635
-1 173.969336719516 8.52102036537895
-1.01 174.016378255599 8.55228080723063
-1.02 174.077532252507 8.58106558131498
-1.03 173.929687424818 8.64486463400692
-1.04 173.867189384022 8.69404952124595
-1.05 173.840980528205 8.7369368223963
-1.059875 173.799315167674 8.78171568777757
-1.069875 173.794611014066 8.82073602288915
-1.079875 173.852404901253 8.84929468977532
-1.089875 173.783858662961 8.89852652584344
-1.099875 173.816115716275 8.93108907938348
-1.109875 173.7569777852 8.97838789736263
-1.119875 173.793266970178 9.01006144712312
-1.129875 173.747569477983 9.0549284727362
-1.139875 173.864501296246 9.07323924788483
-1.149875 173.869877471798 9.10960324741619
-1.16 173.799987189618 9.15838181901274
-1.17 173.882645888735 9.18203357406643
-1.18 173.863157252358 9.22194911867302
-1.19 173.871221515686 9.25736273390327
-1.2 173.775794399633 9.30908721875945
-1.21 173.810067518779 9.34000104331836
-1.22 173.842324572093 9.37122750871351
-1.23 173.905494634832 9.39749519105028
-1.24 173.882645888735 9.43720194604622
-1.250125 173.754961719367 9.49357784933832
-1.260125 173.76369800464 9.52798876814695
-1.270125 173.808723474891 9.55672222573258
-1.280125 173.883317910679 9.58071834985809
-1.290125 173.811411562667 9.62739383694863
-1.300125 173.809395496835 9.66308466165005
-1.310125 173.762353960752 9.70557671588887
-1.320125 173.769746202136 9.73957778234514
-1.330125 173.785202706849 9.77225279392417
-1.340125 173.905494634832 9.78884656919831
-1.350125 173.959256390356 9.81546969664391
-1.360125 173.976728960901 9.84765084682237
-1.370125 174.00159377283 9.87861521810169
-1.380125 173.989497377837 9.91499371435957
-1.390125 173.952536170915 9.95509534355983
-1.400125 174.000921750886 9.98214907089374
-1.410125 174.056699572242 10.0081406270245
-1.420125 174.076188208619 10.0394541164594
-1.43 174.095676844996 10.0702359435308
-1.440125 174.043259133361 10.11244840623
-1.45 174.109117283877 10.1362141684821
-1.46 174.125917832478 10.167583831683
-1.47 174.06812394529 10.2098972910937
-1.48 174.092316735276 10.2399185598724
-1.49 174.129949964142 10.2679737518449
-1.5 174.028474650592 10.3163726985801
-1.51 173.894070261784 10.3693246599065
-1.52 173.89003813012 10.403075482691
-1.53 173.863157252358 10.4401365145939
-1.54 173.873909603463 10.4715583253875
-1.55 173.863157252358 10.5060738811689
-1.559875 173.851732879309 10.5401143624725
-1.569875 173.754961719367 10.5867755369879
-1.579875 173.738161170766 10.6218187747677
-1.589875 173.751601609647 10.652443323821
-1.599875 173.765042048528 10.6829582648665
-1.609875 173.79864314573 10.7106271986212
-1.619875 173.754289697423 10.7492239309437
-1.629875 173.747569477983 10.7823523843812
-1.639875 173.743537346319 10.8150515289289
-1.65 173.79864314573 10.8397185229659
-1.66 173.849044791533 10.8646124691211
-1.67 173.799315167674 10.9035787162867
-1.68 173.775794399633 10.9386417449741
-1.69 173.746897456039 10.9744562668037
-1.7 173.788562816569 11.0002183924305
-1.71 173.675663129971 11.0474845529133
-1.72 173.711280293005 11.0740109891771
-1.73 173.698511876068 11.1072403509808
-1.740125 173.767730136304 11.1293990262654
-1.750125 173.828212111268 11.1523609429844
-1.760125 173.789906860458 11.1888385110336
-1.770125 173.846356703757 11.2121794632188
-1.780125 173.871221515686 11.2397924168241
-1.790125 173.907510700665 11.2658643535965
-1.800125 173.539242675331 11.346967012099
-1.810125 173.674319086083 11.3593806166865
-1.820125 173.819475825995 11.3703906002457
-1.830125 173.943799885643 11.3842912317857
-1.840125 173.904822612888 11.4201877966668
-1.850125 173.926327315098 11.447931317544
-1.860125 173.863157252358 11.4869508880696
-1.870125 173.827540089324 11.5221351219841
-1.880125 173.942455841755 11.5371142540781
-1.890125 173.857109054862 11.5787760736818
-1.900125 173.996889619222 11.5903316702244
-1.910125 173.990841421726 11.6213245757533
-1.920125 173.978745026733 11.6530502319373
-1.93 174.044603177249 11.674036432462
-1.940125 174.044603177249 11.7043688940758
-1.95 174.060731703906 11.7318322457046
-1.96 174.062075747794 11.7615750103563
-1.97 173.949848083139 11.806162601335
-1.98 173.949848083139 11.8358936448147
-1.99 173.978073004789 11.8618272438553
-2 173.986809290061 11.8902341609058
-2.01 173.961272456188 11.9231744385146
-2.02 173.992185465614 11.9485337297421
-2.03 173.986809290061 11.9786519306079
-2.04 173.953880214803 12.0123370086221
-2.05 173.947832017307 12.0423974950567
-2.059875 173.920279117601 12.0748086632686
-2.069875 173.955896280635 12.0993166004535
-2.079875 173.934391578426 12.1312404835341
-2.089875 173.785202706849 12.1794477141139
-2.099875 173.745553412151 12.213478770541
-2.109875 173.636685857216 12.2561997660858
-2.119875 173.627949571944 12.2861303973442
-2.129875 173.694479744404 12.3063934896878
-2.139875 173.69380772246 12.335125196058
-2.149875 173.752273631591 12.356328283109
-2.16 173.811411562667 12.3778126883993
-2.17 173.883317910679 12.3972380330559
-2.18 173.733457017158 12.4446574024448
-2.19 173.77041822408 12.468393240293
-2.2 173.759665872976 12.4980929838734
-2.21 173.753617675479 12.5271477172467
-2.22 173.818803804051 12.5472461891969
-2.23 173.814099650443 12.5760393358583
-2.24 173.892726217896 12.5943584069202
-2.250125 173.919607095657 12.6194457040955
-2.260125 173.79864314573 12.6626247954357
-2.270125 173.807379431003 12.6895227672257
-2.280125 173.849044791533 12.712215725319
-2.290125 173.870549493742 12.7374589555632
-2.300125 173.748913521871 12.7803530943026
-2.310125 173.717328490501 12.811994103688
-2.320125 173.773106311857 12.8328081316073
-2.330125 173.861141186526 12.8496324891827
-2.340125 173.895414305672 12.8731260999623
-2.350125 173.998905685054 12.8879926981607
-2.360125 174.010330058103 12.9141061934826
-2.370125 173.909526766497 12.9539293197144
-2.380125 173.894742283728 12.9831726873327
-2.390125 173.988825355893 12.9990841136432
-2.400125 174.125917832478 13.0097533460249
-2.410125 174.101725042492 13.0400817735399
-2.420125 173.986809290061 13.0812594197916
-2.43 173.930359446762 13.1149985677814
-2.44 173.863157252358 13.1502540055302
-2.45 173.923639227322 13.1700386902431
-2.46 174.045275199193 13.1824485266906
-2.47 174.073500120843 13.2060058685478
-2.48 174.070812033066 13.2333132475549
-2.49 173.981433114509 13.2710000370887
-2.5 173.97000874146 13.2991948509461
-2.51 173.93842371009 13.3298572734196
-2.52 173.855765010973 13.366452886
-2.53 173.791250904346 13.4008013849537
-2.54 173.910870810385 13.4132430486798
-2.55 174.013018145879 13.4277831134258
-2.559875 173.87189353763 13.4707124052402
-2.569875 173.851060857365 13.4996842276414
-2.579875 173.648782252209 13.5500244523784
-2.589875 173.730768929382 13.5668281971273
-2.599875 173.736145104934 13.5925346284679
-2.609875 173.815443694331 13.6095167173464
-2.619875 173.82350795766 13.6348399900179
-2.629875 173.688431546907 13.6769423848424
-2.639875 173.738161170766 13.6973337885669
-2.649875 173.79192292629 13.7171854060719
-2.66 173.808051452947 13.7416919071303
-2.67 173.870549493742 13.760525094302
-2.68 173.978745026733 13.7739919710874
-2.69 174.027130606704 13.7943732381091
-2.7 173.993529509502 13.8242630997631
-2.71 174.019066343375 13.8472554442722
-2.72 174.033850826144 13.8714285245544
-2.73 173.937079666202 13.9084241747576
-2.74 173.881973866791 13.9406103074804
