0.234875	930.058252427184
0.230125	930.058252427184
0.225	930.058252427184
0.220125	930.058252427184
0.215	930.058252427184
0.210125	930.058252427184
0.205	930.058252427184
0.2	930.058252427184
0.195	930.058252427184
0.19	930.058252427184
0.185	930.058252427184
0.18	930.058252427184
0.175	930.058252427184
0.17	930.058252427184
0.165	930.058252427184
0.16	930.058252427184
0.155	930.058252427184
0.15	930.058252427184
0.145	930.058252427184
0.140125	930.058252427184
0.135125	930.058252427184
0.130125	930.058252427184
0.125125	930.058252427184
0.120125	930.058252427184
0.115125	930.058252427184
0.110125	930.058252427184
0.105125	930.058252427184
0.100125	930.058252427184
0.095125	930.058252427184
0.090125	930.058252427184
0.085125	930.058252427184
0.080125	930.058252427184
0.075125	930.058252427184
0.070125	930.058252427184
0.065125	930.058252427184
0.060125	930.058252427184
0.055125	930.058252427184
0.050125	930.058252427184
0.045125	930.058252427184
0.040125	930.058252427184
0.035125	930.058252427184
0.030125	930.058252427184
0.025125	930.058252427184
0.020125	930.058252427184
0.015125	930.058252427184
0.01025	930.058252427184
0.00524999999999998	930.058252427184
0.000249999999999972	930.058252427184
-0.00475000000000003	930.058252427184
-0.00975000000000004	930.058252427184
-0.01475	930.058252427184
-0.01975	930.058252427184
-0.02475	930.058252427184
-0.0297500000000001	930.058252427184
-0.0347499999999999	930.058252427184
-0.03975	930.058252427184
-0.04475	930.058252427184
-0.04975	930.058252427184
-0.05475	930.058252427184
-0.05975	930.058252427184
-0.06475	930.058252427184
-0.06975	930.058252427184
-0.07475	930.058252427184
-0.07975	930.058252427184
-0.08475	930.058252427184
-0.08975	930.058252427184
-0.09475	930.058252427184
-0.09975	930.058252427184
-0.10475	930.058252427184
-0.10975	930.058252427184
-0.114875	930.058252427184
-0.119875	930.058252427184
-0.124875	930.058252427184
-0.129875	930.058252427184
-0.134875	930.058252427184
-0.139875	930.058252427184
-0.144875	930.058252427184
-0.149875	930.058252427184
-0.154875	930.058252427184
-0.159875	930.058252427184
-0.164875	930.058252427184
-0.169875	930.058252427184
-0.174875	930.058252427184
-0.179875	930.058252427184
-0.184875	930.058252427184
-0.189875	930.058252427184
-0.194875	930.058252427184
-0.199875	930.058252427184
-0.204875	930.058252427184
-0.209875	930.058252427184
-0.214875	930.058252427184
-0.219875	930.058252427184
-0.224875	930.058252427184
-0.229875	930.058252427184
-0.234875	930.058252427184
-0.239875	930.058252427184
-0.245	930.058252427184
-0.249875	930.058252427184
-0.255	930.058252427184
-0.259875	930.058252427184
-0.265	930.058252427184
-0.269875	930.058252427184
-0.275	930.058252427184
-0.279875	930.058252427184
-0.285	930.058252427184
-0.289875	930.058252427184
-0.295	930.058252427184
-0.299875	930.058252427184
-0.305	930.058252427184
-0.309875	930.058252427184
-0.315	930.058252427184
-0.319875	930.058252427184
-0.325	930.058252427184
-0.33	930.058252427184
-0.335	930.058252427184
-0.34	930.058252427184
-0.344875	930.058252427184
-0.349875	930.058252427184
-0.354875	930.058252427184
-0.359875	930.058252427184
-0.364875	930.058252427184
-0.369875	930.058252427184
-0.374875	930.058252427184
-0.379875	930.058252427184
-0.384875	930.058252427184
-0.389875	930.058252427184
-0.394875	930.058252427184
-0.399875	930.058252427184
-0.404875	930.058252427184
-0.409875	930.058252427184
-0.414875	930.058252427184
-0.419875	930.058252427184
-0.424875	930.058252427184
-0.429875	930.058252427184
-0.434875	930.058252427184
-0.439875	930.058252427184
-0.444875	930.058252427184
-0.449875	930.058252427184
-0.454875	930.058252427184
-0.459875	930.058252427184
-0.464875	930.058252427184
-0.469875	930.058252427184
-0.474875	930.058252427184
-0.47975	930.058252427184
-0.484875	930.058252427184
-0.48975	930.058252427184
-0.49475	930.058252427184
-0.49975	930.058252427184
-0.50475	930.058252427184
-0.50975	930.058252427184
-0.51475	930.058252427184
-0.51975	930.058252427184
-0.52475	930.058252427184
-0.52975	930.058252427184
-0.53475	930.058252427184
-0.53975	930.058252427184
-0.54475	930.058252427184
-0.54975	930.058252427184
-0.55475	930.058252427184
-0.55975	930.058252427184
-0.56475	930.058252427184
-0.56975	930.058252427184
-0.57475	930.058252427184
-0.57975	930.058252427184
-0.58475	930.058252427184
-0.58975	930.058252427184
-0.59475	930.058252427184
-0.59975	930.058252427184
-0.60475	930.058252427184
-0.60975	930.058252427184
-0.61475	930.058252427184
-0.619875	930.058252427184
-0.624875	930.058252427184
-0.629875	930.058252427184
-0.634875	930.058252427184
-0.639875	930.058252427184
-0.644875	930.058252427184
-0.649875	930.058252427184
-0.654875	930.058252427184
-0.659875	930.058252427184
-0.664875	930.058252427184
-0.669875	930.058252427184
-0.674875	930.058252427184
-0.679875	930.058252427184
-0.684875	930.058252427184
-0.689875	930.058252427184
-0.694875	930.058252427184
-0.699875	930.058252427184
-0.704875	930.058252427184
-0.709875	930.058252427184
-0.714875	930.058252427184
-0.719875	930.058252427184
-0.724875	930.058252427184
-0.729875	930.058252427184
-0.734875	930.058252427184
-0.739875	930.058252427184
-0.744875	930.058252427184
-0.749875	930.058252427184
-0.755	930.058252427184
-0.759875	930.058252427184
-0.764875	930.058252427184
-0.769875	930.058252427184
-0.775	930.058252427184
-0.779875	930.058252427184
-0.784875	930.058252427184
-0.789875	930.058252427184
-0.795	930.058252427184
-0.799875	930.058252427184
-0.805	930.058252427184
-0.809875	930.058252427184
-0.815	930.058252427184
-0.819875	930.058252427184
-0.825	930.058252427184
-0.83	930.058252427184
-0.834875	930.058252427184
-0.84	930.058252427184
-0.844875	930.058252427184
-0.849875	930.058252427184
-0.854875	930.058252427184
-0.859875	930.058252427184
-0.864875	930.058252427184
-0.869875	930.058252427184
-0.874875	930.058252427184
-0.879875	930.058252427184
-0.884875	930.058252427184
-0.889875	930.058252427184
-0.894875	930.058252427184
-0.899875	930.058252427184
-0.904875	930.058252427184
-0.909875	930.058252427184
-0.914875	930.058252427184
-0.919875	930.058252427184
-0.924875	930.058252427184
-0.929875	930.058252427184
-0.934875	930.058252427184
-0.939875	930.058252427184
-0.944875	930.058252427184
-0.949875	930.058252427184
-0.954875	930.058252427184
-0.959875	930.058252427184
-0.964875	930.058252427184
-0.969875	930.058252427184
-0.974875	930.058252427184
-0.97975	930.058252427184
-0.984875	930.058252427184
-0.98975	930.058252427184
-0.99475	930.058252427184
-0.99975	930.058252427184
-1.00475	930.058252427184
-1.00975	930.058252427184
-1.01475	930.058252427184
-1.01975	930.058252427184
-1.02475	930.058252427184
-1.02975	930.058252427184
-1.03475	930.058252427184
-1.03975	930.058252427184
-1.04475	930.058252427184
-1.04975	930.058252427184
-1.05475	930.058252427184
-1.05975	930.058252427184
-1.06475	930.058252427184
-1.06975	930.058252427184
-1.07475	930.058252427184
-1.07975	930.058252427184
-1.08475	930.058252427184
-1.08975	930.058252427184
-1.09475	930.058252427184
-1.09975	930.058252427184
-1.10475	930.058252427184
-1.10975	930.058252427184
-1.114875	930.058252427184
-1.119875	930.058252427184
-1.124875	930.058252427184
-1.129875	930.058252427184
-1.134875	930.058252427184
-1.139875	930.058252427184
-1.144875	930.058252427184
-1.149875	930.058252427184
-1.154875	930.058252427184
-1.159875	930.058252427184
-1.164875	930.058252427184
-1.169875	930.058252427184
-1.174875	930.058252427184
-1.179875	930.058252427184
-1.184875	930.058252427184
-1.189875	930.058252427184
-1.194875	930.058252427184
-1.199875	930.058252427184
-1.204875	930.058252427184
-1.285	930.058252427184
-1.305	930.058252427184
-1.31	930.058252427184
-1.315	930.058252427184
-1.32	930.058252427184
-1.325	930.058252427184
-1.33	930.058252427184
-1.335	930.058252427184
-1.34	930.058252427184
-1.345	930.058252427184
-1.35	930.058252427184
-1.355	930.058252427184
-1.359875	930.058252427184
-1.364875	930.058252427184
-1.369875	930.058252427184
-1.374875	930.058252427184
-1.379875	930.058252427184
-1.384875	930.058252427184
-1.404875	930.058252427184
-1.409875	930.058252427184
-1.414875	930.058252427184
-1.419875	930.058252427184
-1.424875	930.058252427184
-1.449875	930.058252427184
-1.459875	930.058252427184
-1.464875	930.058252427184
-1.469875	930.058252427184
-1.474875	930.058252427184
-1.47975	930.058252427184
-1.484875	930.058252427184
-1.48975	930.058252427184
-1.49475	930.058252427184
-1.49975	930.058252427184
-1.50475	930.058252427184
-1.50975	930.058252427184
-1.51475	930.058252427184
-1.51975	930.058252427184
-1.52475	930.058252427184
-1.52975	930.058252427184
-1.53475	930.058252427184
-1.53975	930.058252427184
-1.54475	930.058252427184
-1.54975	930.058252427184
-1.55475	930.058252427184
-1.55975	930.058252427184
-1.56475	930.058252427184
-1.56975	930.058252427184
-1.57475	930.058252427184
-1.57975	930.058252427184
-1.58475	930.058252427184
-1.589875	930.058252427184
-1.594875	930.058252427184
-1.599875	930.058252427184
-1.604875	930.058252427184
-1.609875	930.058252427184
-1.614875	930.058252427184
-1.619875	930.058252427184
-1.624875	930.058252427184
-1.629875	930.058252427184
-1.634875	930.058252427184
-1.639875	930.058252427184
-1.644875	930.058252427184
-1.649875	930.058252427184
-1.654875	930.058252427184
-1.659875	930.652087849939
-1.664875	931.388443774154
-1.669875	932.74917522858
-1.674875	936.274860967103
-1.679875	936.617588839664
-1.684875	937.282684513149
-1.689875	939.814120086719
-1.694875	943.017438024319
-1.699875	945.745687623716
-1.705	947.225186162692
-1.71	948.982939014045
-1.715	951.076633047413
-1.72	955.813743048355
-1.725	959.475162597794
-1.73	961.792817419172
-1.735	962.518993307569
-1.74	967.327363559242
-1.745	968.569327929117
-1.75	971.966066547271
-1.755	971.382411160336
-1.76	971.24667734942
-1.765	975.861626920539
-1.77	976.506362522387
-1.775	985.244226600057
-1.78	985.47158073334
-1.785	984.314449995287
-1.79	985.770195117353
-1.795	984.195682910736
-1.8	986.065416156094
-1.805	987.843529079084
-1.81	991.657649165803
-1.815	991.922330097087
-1.82	995.566782920162
-1.825	995.115467998869
-1.83	996.975021208408
-1.835	1000.26995946838
-1.84	1001.5051371477
-1.845	1002.48920727684
-1.85	1004.44716749929
-1.855	1005.32943727024
-1.86	1007.58601187671
-1.865	1008.43434819493
-1.87	1009.95456687718
-1.875	1012.78122348949
-1.88	1014.4812894712
-1.885	1016.65642379112
-1.89	1019.72400791781
-1.894875	1021.52248091243
-1.899875	1023.66028843435
-1.904875	1026.49033839193
-1.909875	1028.28202469601
-1.914875	1029.76491658026
-1.919875	1032.73748703931
-1.924875	1033.53492317843
-1.929875	1035.26213592233
-1.934875	1040.46413422566
-1.939875	1044.64134225657
-1.944875	1045.73739277972
-1.949875	1047.26779149778
-1.954875	1049.41238571025
-1.959875	1052.39852955038
-1.964875	1053.31133942879
-1.969875	1054.75351116976
-1.974875	1059.01894617777
-1.979875	1062.43943821284
-1.984875	1066.56913940993
-1.989875	1068.17419172401
-1.994875	1073.62051088698
-1.999875	1071.88651145254
-2.004875	1073.96323875954
-2.00975	1076.3216137242
-2.01475	1079.04307663305
-2.01975	1081.49307192007
-2.02475	1083.37637854652
-2.02975	1085.8060137619
-2.03475	1087.98114808182
-2.03975	1089.50815345461
-2.04475	1091.46950702234
-2.04975	1094.04844942973
-2.05475	1096.22358374965
-2.05975	1098.3444245452
-2.06475	1100.86228673768
-2.06975	1103.17654821378
-2.07475	1106.42058629466
-2.07975	1108.29031954001
-2.08475	1110.00395890282
-2.089875	1111.64294466962
-2.094875	1113.11904986332
-2.099875	1115.23310396833
-2.104875	1117.14016401169
-2.109875	1119.00989725705
-2.114875	1121.03572438496
-2.119875	1121.87727401263
-2.124875	1123.19389197851
-2.129875	1124.76501083985
-2.134875	1127.63917428598
-2.139875	1129.23743990951
-2.144875	1131.3413139787
-2.149875	1132.64096521821
-2.154875	1134.38853803374
-2.159875	1137.3848619097
-2.164875	1140.83589405222
-2.169875	1144.23941936092
-2.179875	1141.76567065699
-2.184875	1141.76567065699
-2.189875	1141.76567065699
-2.194875	1138.20944481101
-2.199875	1143.43858987652
-2.205	1150.44245451975
-2.21	1152.19002733528
-2.215	1152.19002733528
-2.22	1162.66189084739
-2.225	1159.12602507305
-2.23	1168.04034310491
-2.235	1168.04034310491
-2.24	1173.18126119333
-2.245	1173.18126119333
-2.25	1166.13667640682
-2.255	1166.13667640682
-2.265125	1178.54953341503
